	fixationN	duration	position	wordN	freq	freqClass	sentenceN	runN
0	1	351.0112526124668	3.0	1	1.0	0	1	1
1	2	220.83902397215772	7.96333478109042	2	181.0	2	1	1
2	3	305.58166523298723	16.228800359692702	3	1789.0	3	1	1
3	4	242.36802700792305	18.77310603256304	4	3036.0	3	1	1
4	5	253.62759932856432	29.497426901331806	6	81.0	2	1	1
5	6	209.17167655804005	35.741794188377646	7	5372.0	4	1	1
6	7	204.05608518528925	41.79476865140399	8	69974.0	5	1	1
7	8	128.06995140427802	39.04071128163464	8	69974.0	5	1	1
8	9	134.0850869019286	48.90784371927423	10	36414.0	5	1	1
9	1	299.3869589390305	1.5	1	69974.0	5	2	1
10	2	170.9166847084601	5.654833804159435	2	92.0	2	2	1
11	3	297.3137137187037	21.599543757388307	3	52.0	2	2	1
12	4	223.13080582562796	32.096876917155186	6	382.0	3	2	1
13	5	227.8905757346035	40.157149897201556	6	382.0	3	2	1
14	1	289.3048554804327	2.0	1	108.0	2	3	1
15	2	412.7799686865453	12.457782367121384	4	213.0	2	3	1
16	3	288.8932780605257	31.986523071690677	7	3942.0	4	3	1
17	4	252.10873305914836	37.6065131749219	8	3727.0	4	3	1
18	5	167.9686498965614	41.572171046765376	9	1.0	0	3	1
19	6	203.35200537123148	45.94603902673377	10	1068.0	3	3	1
20	1	281.20255516415693	2.0	1	83.0	2	4	1
21	2	98.38732018347505	6.331671014142358	2	413.0	3	4	1
22	3	172.04900429265294	10.862869052580951	3	1.0	0	4	1
23	4	96.53346117352572	5.652180369967052	2	413.0	3	4	1
24	5	148.67276000724218	13.15032199551246	3	1.0	0	4	1
25	6	160.54652136780487	18.722821704918534	4	10593.0	4	4	1
26	7	363.18426908189315	27.954035235063387	6	2715.0	3	4	1
27	8	159.06280761004774	32.27158198220096	7	149.0	2	4	1
28	9	139.7365534129977	38.923888618845325	9	1068.0	3	4	1
29	10	218.95145668721415	41.54373259089815	9	1068.0	3	4	1
30	1	227.5225339570659	2.0	1	143.0	2	5	1
31	2	293.31536529877883	10.176048671569653	2	22.0	1	5	1
32	3	148.34776252378535	20.137153434919252	4	69974.0	5	5	1
33	4	137.53001252667485	23.190665434713114	4	69974.0	5	5	1
34	5	275.28887811887824	28.289992549962797	5	39.0	2	5	1
35	6	270.4401161652756	39.933690963816304	6	97.0	2	5	1
36	7	222.92379336518195	46.01627831220504	7	2214.0	3	5	1
37	8	186.5341237160823	55.24074406760961	9	1790.0	3	5	1
38	1	218.0209475623198	1.5	1	69974.0	5	6	1
39	2	219.40632203514298	6.2815365205367275	2	45.0	2	6	1
40	3	264.4660297555167	12.906704728875294	3	1207.0	3	6	1
41	4	140.8026883396392	16.404226117466482	4	401.0	3	6	1
42	5	367.975197708455	27.71772555733896	6	40.0	2	6	1
43	6	269.1173847779692	35.16077744925842	8	11.0	1	6	1
44	7	296.77267836933675	38.81552426858473	8	11.0	1	6	1
45	8	335.17530900725757	53.85000638424053	10	69974.0	5	6	1
46	9	192.61493082311986	57.67464018747772	11	1635.0	3	6	1
47	10	135.17294499641653	62.300827783385074	13	299.0	2	6	1
48	1	234.48458453200115	1.5	1	69974.0	5	7	1
49	2	160.81092966869537	9.134448386985216	2	19.0	1	7	1
50	3	194.61964061979185	6.433643621301883	2	19.0	1	7	1
51	4	150.9358278422467	13.885415817358268	3	102.0	2	7	1
52	5	200.30221075261989	19.80085494901781	3	102.0	2	7	1
53	6	253.6057640410255	25.011892055784493	5	772.0	3	7	1
54	7	58.31251629900177	26.67519006933004	5	772.0	3	7	1
55	8	270.33373986430973	33.709007983434105	6	4.0	1	7	1
56	1	275.2424903321799	0.5	1	23127.0	4	8	1
57	2	127.73703820035539	5.896050128733295	2	11.0	1	8	1
58	3	261.5758978190475	15.660380337194402	3	1.0	0	8	1
59	4	263.4602350226988	23.759560681012346	4	1.0	0	8	1
60	5	143.1051538993616	32.509355242193294	5	485.0	3	8	1
61	6	144.620865054815	29.099804046519193	5	485.0	3	8	1
62	7	145.00236411724256	35.93102872799608	6	4868.0	4	8	1
63	8	159.60856183991316	41.322580529647496	7	61.0	2	8	1
64	9	267.74169422889076	46.88081029048065	8	37.0	2	8	1
65	10	203.47307984968472	58.975681668995094	10	31.0	1	8	1
66	1	336.7787870728271	3.5	1	1.0	0	9	1
67	2	238.5917336621124	13.113725635484673	2	90.0	2	9	1
68	3	184.76947915358306	18.388984910111034	3	9816.0	4	9	1
69	4	238.7842296568867	25.343980690988573	4	1.0	0	9	1
70	5	193.38004615940056	35.79183599316727	6	6.0	1	9	1
71	6	165.04101302381736	39.31873651256693	6	6.0	1	9	1
72	7	95.28346653126823	47.61015613646779	7	1.0	0	9	1
73	1	287.6543409921672	1.5	1	69974.0	5	10	1
74	2	271.2550120976168	6.788558873465676	2	8.0	1	10	1
75	3	269.37440166969003	15.988309078367855	3	39.0	2	10	1
76	4	253.9004172759849	26.487857094135205	4	83.0	2	10	1
77	5	278.7470807804202	32.50434590004137	5	21335.0	4	10	1
78	6	363.02001256719103	40.57887424308448	7	72.0	2	10	1
79	7	278.17894367497934	51.67585809461798	9	141.0	2	10	1
80	8	337.45934506497656	55.81753945372876	10	1029.0	3	10	1
81	9	98.84290989271759	62.19492266632478	11	1.0	0	10	1
82	1	261.72754343840074	1.5	1	15.0	1	11	1
83	2	151.08796969228504	4.581273167340931	2	413.0	3	11	1
84	3	235.1099407233815	9.753545540159793	3	69974.0	5	11	1
85	4	152.99435006235342	17.93656052851312	4	80.0	2	11	1
86	5	173.82503275438964	14.531574307595495	4	80.0	2	11	1
87	6	107.15941935590557	22.90916666918072	5	10593.0	4	11	1
88	7	181.95919433356374	28.22904141854522	6	3036.0	3	11	1
89	8	290.39785127287416	32.287829927167245	7	76.0	2	11	1
90	9	61.010256284969444	48.1324988557993	10	1.0	0	11	1
91	10	116.59253850565662	42.2970104781723	10	1.0	0	11	1
92	11	149.8993352873562	47.87697706887856	10	1.0	0	11	1
93	1	227.90930587645659	1.0	1	13.0	1	12	1
94	2	151.83683718656636	5.044462107568668	2	9816.0	4	12	1
95	3	147.87548990434675	13.019381716710033	3	15.0	1	12	1
96	4	149.78342187659683	8.409425204208185	3	15.0	1	12	1
97	5	157.38209469723864	19.18361727802454	5	54.0	2	12	1
98	6	228.688304657704	24.158767524775655	5	54.0	2	12	1
99	7	211.2555072307347	31.44700315094799	6	267.0	2	12	1
100	8	236.19413582378542	37.434246028669314	7	59.0	2	12	1
101	9	294.3040132095092	46.04009079420878	8	680.0	3	12	1
102	10	296.4421262123475	57.03378447147419	11	21335.0	4	12	1
103	1	345.75356182392443	2.5	1	1.0	0	13	1
104	2	308.3879972098781	8.326542861813191	2	28850.0	4	13	1
105	3	127.63186341940869	11.371791494154255	3	3036.0	3	13	1
106	4	315.2581451670087	24.104635344766326	5	508.0	3	13	1
107	5	457.1009495297025	31.879265824882253	7	16.0	1	13	1
108	6	222.61117013332645	37.83007404436494	8	9489.0	4	13	1
109	7	181.15100135651988	43.89488081769188	9	2670.0	3	13	1
110	8	168.93796081580345	51.487414163293465	10	134.0	2	13	1
111	1	227.30946373243432	2.0	1	83.0	2	14	1
112	2	241.04129038605902	7.492633656667162	2	438.0	3	14	1
113	3	226.31528412540084	12.293270571100367	4	937.0	3	14	1
114	4	146.2753257503192	20.37113826372002	5	22.0	1	14	1
115	5	110.08887258865147	15.800045042265648	4	937.0	3	14	1
116	6	256.82673656497917	18.854910900146805	5	22.0	1	14	1
117	1	259.53486181692745	1.5	1	69974.0	5	15	1
118	2	257.0903092943244	7.073818133488834	2	7.0	1	15	1
119	3	166.08882385772148	14.365370635817108	3	10.0	1	15	1
120	4	143.42486434841138	20.732417870887765	4	3286.0	4	15	1
121	5	141.35956849690217	16.55042159912606	4	3286.0	4	15	1
122	6	347.7973725438238	20.280252726604907	4	3286.0	4	15	1
123	7	326.81731378213254	39.120908052071854	7	58.0	2	15	1
124	8	290.33166522648673	48.17726234318968	8	2.0	0	15	1
125	9	197.22035075256403	57.542584212339904	10	355.0	3	15	1
126	1	272.4660917897025	1.5	1	69974.0	5	16	1
127	2	217.52791895747143	7.154476907288035	2	57.0	2	16	1
128	3	215.85334110520856	14.302677290949458	3	1.0	0	16	1
129	4	210.16955364605622	20.30975771383595	4	1068.0	3	16	1
130	5	292.36254684995237	28.718614807852248	6	66.0	2	16	1
131	6	303.68600006291075	41.39438070628714	8	2252.0	3	16	1
132	7	199.01278630244784	45.51862003227096	9	9816.0	4	16	1
133	8	259.62301451569016	52.94536102899276	10	71.0	2	16	1
134	1	227.57299895137288	1.5	1	69974.0	5	17	1
135	2	259.8721781078264	6.794650389220104	2	351.0	3	17	1
136	3	132.30130486889402	13.58156722850449	3	570.0	3	17	1
137	4	132.3734699589729	19.341228738270487	5	37.0	2	17	1
138	5	233.38557350882581	24.59950845932253	5	37.0	2	17	1
139	6	215.79325495357025	29.8863015634262	6	78.0	2	17	1
140	7	230.51142878745333	36.28233510866839	7	28850.0	4	17	1
141	8	250.0954975055428	43.35325102119155	8	1.0	0	17	1
142	9	251.60183992257546	51.595213556495764	10	1.0	0	17	1
143	1	342.86213270725983	1.5	1	845.0	3	18	1
144	2	152.99117697566112	8.129899149007125	2	72.0	2	18	1
145	3	274.8744287359418	13.436114154379794	3	398.0	3	18	1
146	4	288.1254996965604	17.89818269078013	4	6994.0	4	18	1
147	5	228.69329110967553	22.42390950560828	5	165.0	2	18	1
148	6	277.1119260889417	29.895085044946153	7	445.0	3	18	1
149	7	153.05473001580737	38.82763015771334	9	59.0	2	18	1
150	8	219.95191129194075	41.06415314142413	9	59.0	2	18	1
151	9	143.24451897224014	46.937769676437156	10	28850.0	4	18	1
152	10	140.50768432969008	51.22014549177035	12	69974.0	5	18	1
153	1	259.0131433724453	1.5	1	69974.0	5	19	1
154	2	128.90687959648488	6.354648385883033	2	5.0	1	19	1
155	3	395.09644454257534	14.714405762640759	3	216.0	2	19	1
156	4	249.6838123887565	23.63075908027122	4	30.0	1	19	1
157	5	139.36542102963975	28.122903379998412	5	585.0	3	19	1
158	6	178.45278504073738	33.842101122657446	6	69974.0	5	19	1
159	1	265.8680733899878	1.5	1	69974.0	5	20	1
160	2	159.73358570455366	7.127166121324721	2	36.0	2	20	1
161	3	220.18706169741478	12.694377635195266	3	49.0	2	20	1
162	4	227.41043936586803	16.766219417923516	4	173.0	2	20	1
163	5	316.03575366059977	26.229021826919023	5	223.0	2	20	1
164	6	283.3780070875036	34.89416713990384	6	12.0	1	20	1
165	7	143.9709683687899	39.2277751150422	7	1789.0	3	20	1
166	8	291.92593047495734	45.30171113911951	9	244.0	2	20	1
167	9	218.55357965889948	50.687753677520455	9	244.0	2	20	1
168	1	263.8476192853153	2.0	1	87.0	2	21	1
169	2	199.9817365964293	6.549270035438792	2	9816.0	4	21	1
170	3	233.05995852518072	10.544758004351568	3	69974.0	5	21	1
171	4	209.46800791394435	16.52281045856496	4	1748.0	3	21	1
172	5	264.5366599869023	22.917561543406478	5	4.0	1	21	1
173	6	324.72968704019985	35.56070257824615	7	36.0	2	21	1
174	7	354.6368656173826	45.918430195330316	9	143.0	2	21	1
175	8	408.9948138135081	59.591213727134125	12	212.0	2	21	1
176	1	352.30800564027965	1.5	1	69974.0	5	22	1
177	2	187.64011654543302	11.378872730567048	3	67.0	2	22	1
178	3	271.85253158152995	14.770009870605154	3	67.0	2	22	1
179	4	281.7644075575418	20.08894308963189	4	69974.0	5	22	1
180	5	171.57084916464115	38.73344297764821	7	49.0	2	22	1
181	6	149.8902850371784	35.74745206452054	7	49.0	2	22	1
182	7	118.37360058902263	40.63277359042905	8	6.0	1	22	1
183	8	134.8002190146749	46.69094897231554	8	6.0	1	22	1
184	1	306.3718060510025	2.5	1	11.0	1	23	1
185	2	224.61366770735893	7.7669928644675235	2	9816.0	4	23	1
186	3	261.83322407148114	12.091489656820576	3	145.0	2	23	1
187	4	395.6385349671575	26.580760513159035	6	1.0	0	23	1
188	5	181.48861757447725	46.96085654839676	8	883.0	3	23	1
189	6	159.4562434216925	42.556934815713	8	883.0	3	23	1
190	7	368.60411006949005	54.88942397706603	10	1.0	0	23	1
191	1	222.66122041320324	2.0	1	1159.0	3	24	1
192	2	245.8315111193675	6.820638302715302	2	239.0	2	24	1
193	3	148.55661505061337	22.590892121468368	4	86.0	2	24	1
194	4	153.07733284781378	26.04516339559366	4	86.0	2	24	1
195	5	179.0034955808716	33.01765969912011	6	343.0	3	24	1
196	6	203.24632628812148	38.128523512968265	7	3297.0	4	24	1
197	7	104.30943097321587	48.102336958136675	8	145.0	2	24	1
198	8	208.3506516314028	44.67391161745893	8	145.0	2	24	1
199	1	239.2253546513874	1.5	1	69974.0	5	25	1
200	2	277.3161765258437	8.32438796206999	2	1.0	0	25	1
201	3	226.36300769167582	12.002623094870554	2	1.0	0	25	1
202	4	171.0027759998636	15.8469630558993	3	9816.0	4	25	1
203	5	276.2884499371837	25.117493845205452	4	24.0	1	25	1
204	6	217.33257664410246	34.40245749597615	6	6994.0	4	25	1
205	7	165.49811046355728	41.737244328509234	7	1.0	0	25	1
206	1	357.56799144720594	1.0	1	8761.0	4	26	1
207	2	126.23400797744404	4.478121575386625	2	10109.0	4	26	1
208	3	116.82616874232987	0.6851950879843596	1	8761.0	4	26	1
209	4	131.89721245716592	4.84977503042866	2	10109.0	4	26	1
210	5	304.12944375998666	14.206803968619987	4	63.0	2	26	1
211	6	257.3766491027258	19.220764223477563	5	26155.0	4	26	1
212	7	233.23537197300158	22.60377990393559	6	772.0	3	26	1
213	8	364.24659926226815	32.06875512259339	8	2.0	0	26	1
214	9	202.6916657891644	40.6555899041475	9	55.0	2	26	1
215	10	231.8671449232154	43.42116317148858	10	23127.0	4	26	1
216	1	270.36502789833554	2.0	1	1.0	0	27	1
217	2	293.3016822779518	9.187584015743287	3	6995.0	4	27	1
218	3	228.3685629637037	15.190523526981794	4	51.0	2	27	1
219	4	158.52991870606482	21.476751654591116	5	1.0	0	27	1
220	5	155.95097035775387	25.62845760551293	5	1.0	0	27	1
221	6	113.11119251575641	34.70501236586728	8	2.0	0	27	1
222	7	439.6471414672511	42.58468014927802	8	2.0	0	27	1
223	8	146.32542054808542	51.90372253857289	10	58.0	2	27	1
224	1	237.93195524398615	1.0	1	14.0	1	28	1
225	2	340.80088798275057	7.524426945461033	2	34.0	2	28	1
226	3	240.19027254078546	15.640872442851652	3	1015.0	3	28	1
227	4	251.78295164255033	21.84028845525985	4	123.0	2	28	1
228	5	264.2212941216615	28.989219764022486	5	26155.0	4	28	1
229	6	270.1395803864649	33.56583918955575	6	58.0	2	28	1
230	7	275.1366683147901	40.51452710244836	7	25.0	1	28	1
231	8	259.0771798547903	45.42970806987537	8	23127.0	4	28	1
232	9	150.1337514992493	52.04695336203056	9	1.0	0	28	1
233	10	231.88661482424345	59.24520832193601	11	42.0	2	28	1
234	1	250.34472565758236	1.5	1	69974.0	5	29	1
235	2	225.70057437512253	7.701547977582123	2	1.0	0	29	1
236	3	223.57605701930055	13.824643391450447	3	5.0	1	29	1
237	4	212.17960952126688	19.38133865347362	4	6994.0	4	29	1
238	5	330.9775906280109	32.509562364278615	7	9547.0	4	29	1
239	6	153.64681262492974	37.64090754473987	8	97.0	2	29	1
240	7	120.2795276617678	41.77753250437088	8	97.0	2	29	1
241	1	273.4095162525029	2.0	1	87.0	2	30	1
242	2	166.87219795805277	6.35522131456716	2	9816.0	4	30	1
243	3	233.225916425904	11.646606015818838	3	3.0	0	30	1
244	4	284.47515020456154	19.375282071529544	4	26155.0	4	30	1
245	5	291.2908353364283	24.027339403673615	5	76.0	2	30	1
246	6	136.84602049382752	32.04146294619282	7	1.0	0	30	1
247	7	192.8815893399864	36.23998382291393	7	1.0	0	30	1
248	8	280.48645270895173	45.28769563321465	9	3036.0	3	30	1
249	1	288.84785754504895	3.5	1	104.0	2	31	1
250	2	414.7363755527322	16.534860642986363	3	2.0	0	31	1
251	3	423.82024794488854	24.96697307664679	4	69974.0	5	31	1
252	4	319.39946506972234	37.870842149562776	7	75.0	2	31	1
253	5	205.24262719970167	50.40806851038582	10	1.0	0	31	1
254	6	204.4394212840416	53.16644136489014	10	1.0	0	31	1
255	1	283.23846650338913	4.5	1	1.0	0	32	1
256	2	341.27772157782516	13.374459265269055	2	4371.0	4	32	1
257	3	113.22303558707077	15.50216233142136	3	23127.0	4	32	1
258	4	154.68513467913948	24.35273028498132	4	26.0	1	32	1
259	5	191.18270404023272	20.614032177468864	4	26.0	1	32	1
260	6	200.14805519949624	38.126424797422494	6	1.0	0	32	1
261	7	145.54721124357312	43.66570875563957	7	59.0	2	32	1
262	8	180.74888088649223	57.19819288790485	9	1.0	0	32	1
263	1	344.13514600979795	3.0	1	52.0	2	33	1
264	2	295.65638566351595	10.30027485864816	2	119.0	2	33	1
265	3	228.8369635066622	15.408803051001774	3	8.0	1	33	1
266	4	411.4373547440455	22.40060690514609	4	1.0	0	33	1
267	5	145.17806725361692	35.813505594224246	6	1.0	0	33	1
268	6	117.07967798510762	38.735269309081744	6	1.0	0	33	1
269	7	230.22713749279325	46.69188062408692	8	6994.0	4	33	1
270	1	271.0662969215173	1.5	1	69974.0	5	34	1
271	2	205.75507696714257	6.286855806671493	2	31.0	1	34	1
272	3	245.21433487317975	14.878018657049614	3	8.0	1	34	1
273	4	348.270279895343	26.134430233186595	5	1.0	0	34	1
274	5	224.5875060309209	33.143715729168676	7	9547.0	4	34	1
275	6	210.48976198144834	35.823432509391	7	9547.0	4	34	1
276	7	240.45252074628982	40.16041060329011	8	20.0	1	34	1
277	1	240.81726484218075	1.5	1	69974.0	5	35	1
278	2	232.95781072316757	8.037974907790343	2	831.0	3	35	1
279	3	168.60424208404908	15.13127563027534	4	5134.0	4	35	1
280	4	151.25284517291902	19.319242990428755	5	1.0	0	35	1
281	5	167.1013914237591	23.016159955990304	5	1.0	0	35	1
282	6	112.23477177582934	25.27052674450327	5	1.0	0	35	1
283	7	185.88971229884856	31.47897335702799	7	3036.0	3	35	1
284	8	89.22368624851941	34.58622945681131	8	25.0	1	35	1
285	9	94.99626225836194	30.093737142834108	7	3036.0	3	35	1
286	10	281.1058017878448	39.012192611455575	9	28850.0	4	35	1
287	11	222.38935299106424	45.01623667877044	11	1.0	0	35	1
288	1	286.07461957954143	1.5	1	69974.0	5	36	1
289	2	270.4424813577533	5.3993606676888355	2	61.0	2	36	1
290	3	280.52109942124616	16.933070426936595	4	104.0	2	36	1
291	4	139.1138504493998	29.2486233841966	6	3.0	0	36	1
292	5	165.91503489911605	33.621491784582005	6	3.0	0	36	1
293	6	218.0101954242719	38.98427339646004	7	93.0	2	36	1
294	7	128.86017047785052	35.779362984153835	7	93.0	2	36	1
295	8	139.98135258434732	40.00559601651206	8	15.0	1	36	1
296	9	131.88928752147854	55.82065289026225	10	1.0	0	36	1
297	1	277.77491630317223	1.5	1	69974.0	5	37	1
298	2	232.4884554719468	5.834365947810924	2	213.0	2	37	1
299	3	261.97766808020714	9.84558611457711	3	5134.0	4	37	1
300	4	397.0119812221932	18.20752474126462	5	9.0	1	37	1
301	5	312.1722983467859	34.769083682649295	7	681.0	3	37	1
302	6	88.37808635883357	48.43244108566984	10	1.0	0	37	1
303	7	318.24438114889745	53.81470766169726	10	1.0	0	37	1
304	8	94.39238166526772	58.14902122719858	11	28850.0	4	37	1
305	1	301.05128130060865	2.0	1	1.0	0	38	1
306	2	291.2930684660978	7.037763177211393	2	4.0	1	38	1
307	3	148.95226981951478	11.078985510896326	3	1789.0	3	38	1
308	4	145.02115710000356	21.898978645917616	5	445.0	3	38	1
309	5	209.9212184412963	18.501156151478735	5	445.0	3	38	1
310	6	330.3129439858408	33.532230077170766	7	10.0	1	38	1
311	7	137.72509155887897	38.40359480412001	8	23127.0	4	38	1
312	8	182.01040297452266	42.44132561776789	9	1.0	0	38	1
313	9	180.37020254522628	45.5002567224343	9	1.0	0	38	1
314	10	198.8138286137776	49.11107034447567	10	4371.0	4	38	1
315	11	198.19875547184643	59.55507501701689	12	34.0	2	38	1
316	1	271.4373912077909	1.5	1	69974.0	5	39	1
317	2	225.10749239559775	7.315909367221597	2	831.0	3	39	1
318	3	305.8739550133679	12.523915840226946	3	220.0	2	39	1
319	4	169.51242157130505	19.701208955169566	4	78.0	2	39	1
320	5	183.04555530444176	26.548534845228886	6	36414.0	5	39	1
321	6	130.28682593460582	23.00716005947392	5	3001.0	3	39	1
322	7	227.41141225721293	28.041184203934215	6	36414.0	5	39	1
323	8	269.2491906185089	38.40831586977794	8	1.0	0	39	1
324	9	205.41539709534652	42.09771477157547	9	2096.0	3	39	1
325	10	185.4733447514401	53.01533599410776	12	31.0	1	39	1
326	1	226.15763959400206	1.5	1	69974.0	5	40	1
327	2	302.9552251601224	7.2338593747818125	2	9.0	1	40	1
328	3	300.9970451803718	14.840905518389587	3	67.0	2	40	1
329	4	230.86435534660686	18.17396617405394	4	6994.0	4	40	1
330	5	200.09484606205115	24.846109612851976	5	1.0	0	40	1
331	6	340.95848195718594	29.820299254223897	6	28850.0	4	40	1
332	7	213.0222355821154	36.87761392253244	7	1601.0	3	40	1
333	8	314.1492591272259	47.58872766686877	9	22.0	1	40	1
334	9	244.69473194503462	56.84663569403526	10	21335.0	4	40	1
335	1	231.5700419075055	1.5	1	69974.0	5	41	1
336	2	151.69078487691536	7.078713812608421	2	123.0	2	41	1
337	3	192.7432541899509	11.482199218662478	3	288.0	2	41	1
338	4	371.60506228585626	18.02849843565654	4	1.0	0	41	1
339	5	147.94167953048543	26.822879729026752	5	68.0	2	41	1
340	6	155.34710233454223	24.293216760572967	5	68.0	2	41	1
341	7	197.66735484542656	27.90306515204996	5	68.0	2	41	1
342	8	174.75121440351336	34.130904056594765	7	1.0	0	41	1
343	9	181.39225015612197	32.28834847237846	7	1.0	0	41	1
344	10	153.0377395449332	50.808796600474146	11	51.0	2	41	1
345	1	248.39451888828435	1.5	1	69974.0	5	42	1
346	2	164.4268639096567	9.199623470994618	2	8.0	1	42	1
347	3	164.61961829535517	14.912616541981862	3	1.0	0	42	1
348	4	354.07452995238924	28.026229015821144	4	37.0	2	42	1
349	1	344.86380286305035	2.5	1	1068.0	3	43	1
350	2	131.8695212343628	8.201541927837185	2	34.0	2	43	1
351	3	144.91910428367694	10.520460428881428	2	34.0	2	43	1
352	4	277.3879992202805	20.101931273971566	3	265.0	2	43	1
353	5	183.00736582325848	24.420710842590772	4	69974.0	5	43	1
354	6	257.5402067679675	30.55084379079564	5	2.0	0	43	1
355	7	338.07045824879265	38.01939420616149	6	56.0	2	43	1
356	8	240.16129842969065	47.00328021441426	7	12.0	1	43	1
357	9	219.60607656707685	55.99926250040613	9	23127.0	4	43	1
358	1	283.1481693434367	1.0	1	5372.0	4	44	1
359	2	165.7107150082984	5.802075376841555	2	69974.0	5	44	1
360	3	144.4368543330939	16.43955519417393	4	216.0	2	44	1
361	4	186.72219465634635	20.12054273901756	4	216.0	2	44	1
362	5	246.2491284648114	24.24343341072116	5	847.0	3	44	1
363	6	253.05953808015866	31.118126512667665	6	3286.0	4	44	1
364	7	314.45505301689326	38.00106534280049	7	36.0	2	44	1
365	8	186.98016197869214	44.42794149984963	9	3.0	0	44	1
366	9	208.03779516903424	48.90143091951925	9	3.0	0	44	1
367	1	265.9039085875901	1.5	1	69974.0	5	45	1
368	2	160.7604504284017	11.068685101293022	2	6.0	1	45	1
369	3	332.78232242074466	18.432202820241223	3	6.0	1	45	1
370	4	224.3158473340934	24.891775608950084	4	65.0	2	45	1
371	5	135.4799084295825	29.663137704072213	6	203.0	2	45	1
372	6	146.21467044236104	23.858350801817178	4	65.0	2	45	1
373	7	254.32550276301643	30.42144552800306	6	203.0	2	45	1
374	8	271.45957450249136	38.57374662768879	7	1.0	0	45	1
375	9	304.86083830166393	48.57257355076436	9	26155.0	4	45	1
376	10	305.2120469716067	56.37510970439322	11	46.0	2	45	1
377	1	257.15352582385736	2.0	1	2333.0	3	46	1
378	2	158.8594140032009	6.509339091039312	2	69974.0	5	46	1
379	3	249.8986343307479	10.377094267973549	3	1207.0	3	46	1
380	4	193.90577188610422	15.599367662104154	4	134.0	2	46	1
381	5	228.21338682084138	19.931159816388263	6	69974.0	5	46	1
382	6	300.36748556334305	26.63230898549282	7	7.0	1	46	1
383	7	287.7432677743067	34.13819650377636	8	3727.0	4	46	1
384	8	210.46747276043345	39.59702237250819	9	1.0	0	46	1
385	9	301.56376893730067	46.74460516477783	10	76.0	2	46	1
386	1	239.1637290181999	1.5	1	69974.0	5	47	1
387	2	92.0596106503389	6.8357434954877725	2	6.0	1	47	1
388	3	113.76453921337784	11.092325119993752	3	36.0	2	47	1
389	4	264.87989432063176	4.860708729784614	2	6.0	1	47	1
390	5	210.74318093531065	20.123045787478993	4	101.0	2	47	1
391	6	157.79764611645635	24.962158684341595	4	101.0	2	47	1
392	7	349.02815155014616	32.50070352900847	6	2.0	0	47	1
393	8	271.9455619554259	39.79231761273351	7	28850.0	4	47	1
394	9	129.71185990692823	43.8979493434999	8	8761.0	4	47	1
395	10	322.41299561881726	51.5401524945447	9	13.0	1	47	1
396	1	245.03265778107632	2.0	1	2333.0	3	48	1
397	2	381.5960481936024	7.023797701715029	2	2.0	0	48	1
398	3	321.41834952401007	11.005354490046527	3	1.0	0	48	1
399	4	192.96803947465037	18.766748571927472	4	246.0	2	48	1
400	5	244.18300303991705	27.832584171735505	5	1.0	0	48	1
401	6	261.1279418555666	39.690596210191075	7	10.0	1	48	1
402	7	132.2168344459196	47.90825703952334	9	41.0	2	48	1
403	8	178.9914696678797	51.76086052620077	9	41.0	2	48	1
