	fixationN	duration	position	wordN	freq	freqClass	sentenceN	runN
0	0	259.9431008189932	4.0	0	1	0	0	0
1	1	219.08354658005362	11.187980569254218	1	181	2	0	0
2	2	187.12069541854498	17.75841040543589	2	1789	3	0	0
3	3	202.7597041996178	21.562608860663797	3	3036	3	0	0
4	4	211.78337595700842	24.525226035843133	4	1635	3	0	0
5	5	335.79130793219514	37.08816425383378	6	5372	3	0	0
6	6	381.914810834516	44.40800515216275	8	409	2	0	0
7	7	151.09692122351507	59.48398920174847	11	134	2	0	0
8	0	222.60484923520954	2.5	0	69974	4	1	0
9	1	296.6980570939013	9.00936277732751	1	92	1	1	0
10	2	370.50630747180423	21.340036740155327	2	52	1	1	0
11	3	265.1121477302457	28.27915503695594	3	69974	4	1	0
12	4	235.9383157501319	38.66258661159887	5	382	2	1	0
13	5	235.09938877732063	43.913800710289316	6	36414	4	1	0
14	0	314.0043424125713	3.0	0	108	2	2	0
15	1	132.39745101713348	9.599502035089378	2	69974	4	2	0
16	2	162.50217897839238	18.5706124452891	3	213	2	2	0
17	3	97.25978172779969	15.614189413785937	3	213	2	2	0
18	4	135.09373923197734	19.996648932709206	3	213	2	2	0
19	5	210.61485102546033	16.542868309018502	3	213	2	2	0
20	6	253.67135127121907	34.43558215382134	6	3942	3	2	0
21	7	248.58254616098023	43.361256184121615	8	1	0	2	0
22	8	261.40976029920864	48.88890481585527	9	1068	3	2	0
23	0	398.385833946601	3.0	0	83	1	3	0
24	1	211.19602960937124	8.289725443766844	1	413	2	3	0
25	2	217.0765584540382	14.017304681296249	2	1	0	3	0
26	3	346.0088752708652	20.54952298894132	3	10593	4	3	0
27	4	125.66852205075902	26.338825602346933	5	2715	3	3	0
28	5	128.2171204939442	30.249792416977048	6	149	2	3	0
29	6	158.57838160592422	34.983979233356344	6	149	2	3	0
30	7	153.43058918668686	30.467536731564717	6	149	2	3	0
31	8	158.12559424465056	33.86933066591166	6	149	2	3	0
32	9	237.45441122263225	41.659952906679216	8	1068	3	3	0
33	0	301.0357837844739	3.0	0	143	2	4	0
34	1	245.68785840896768	11.068379630683701	1	22	1	4	0
35	2	280.90897693574067	17.766324600110025	2	10593	4	4	0
36	3	285.10123738286075	28.760535661150413	4	39	1	4	0
37	4	81.12298792211331	40.436053999359935	5	97	1	4	0
38	5	154.53681957676216	35.86502999859168	5	97	1	4	0
39	0	235.35880680232123	2.5	0	69974	4	5	0
40	1	291.7633021906377	7.896275357882015	1	45	1	5	0
41	2	215.6317983543373	11.789545424885553	2	1207	3	5	0
42	3	175.15723843741915	18.160278398190872	3	401	2	5	0
43	4	231.14711732974294	24.1840650082882	4	69974	4	5	0
44	5	209.69145095878702	30.178379088399193	5	40	1	5	0
45	6	261.81904058314365	34.611475877109626	6	26155	4	5	0
46	7	186.03326404772895	47.19400798622293	8	1814	3	5	0
47	8	215.19817625780672	52.4047212669009	9	69974	4	5	0
48	9	215.0615988752042	57.49592534183841	10	1635	3	5	0
49	0	243.8858249947117	2.5	0	69974	4	6	0
50	1	300.1391335561893	7.116322347144937	1	19	1	6	0
51	2	415.3332674271402	20.9123730228732	2	102	2	6	0
52	3	92.14824940630875	36.88822326462761	6	36	1	6	0
53	4	207.0840463016332	32.00003673119707	5	4	0	6	0
54	5	130.90717903733184	42.66880316531459	6	36	1	6	0
55	0	252.2353969896941	1.5	0	23127	4	7	0
56	1	119.61734187397343	8.468451140225872	1	11	1	7	0
57	2	103.46404095400794	3.4504749051774617	1	11	1	7	0
58	3	115.3244722331511	13.061913349166886	2	1	0	7	0
59	4	196.24983602186867	18.258871444215718	2	1	0	7	0
60	5	460.1978068211669	26.25399626768909	3	1	0	7	0
61	6	135.9736608045087	48.276932634879444	7	37	1	7	0
62	7	196.3352057905861	44.96178927134598	7	37	1	7	0
63	0	277.2509259557521	4.5	0	1	0	8	0
64	1	161.87579251867555	10.570615730212875	1	90	1	8	0
65	2	72.91466252007152	14.994708907416545	1	90	1	8	0
66	3	178.22085145471414	24.14084014392658	3	1	0	8	0
67	4	227.0274178210685	27.727545178754802	3	1	0	8	0
68	5	108.66271368344084	41.82039362554266	5	6	0	8	0
69	6	208.2435701299508	38.195575672828625	5	6	0	8	0
70	7	216.4167961915611	48.807714623959406	6	1	0	8	0
71	0	255.42770015740945	2.5	0	69974	4	9	0
72	1	300.6596139547928	11.239672594916733	1	8	0	9	0
73	2	117.66425117128169	24.527958999153107	3	83	1	9	0
74	3	209.55583763003798	29.66153374214393	3	83	1	9	0
75	4	177.75644814475774	34.28955249704482	5	69974	4	9	0
76	5	276.69381979536047	41.55959903187561	6	72	1	9	0
77	6	164.5670094932237	47.11875273179651	7	28850	4	9	0
78	7	125.15602249146305	50.2914171741136	8	141	2	9	0
79	8	175.28137603736369	59.243178595603986	9	1029	3	9	0
80	0	282.210488436254	2.5	0	15	1	10	0
81	1	181.4071917099088	8.330811595405436	1	413	2	10	0
82	2	127.22013358774154	13.677381520742763	3	80	1	10	0
83	3	169.38567959938825	20.621258273793785	3	80	1	10	0
84	4	272.4039228236169	24.12221441751517	4	10593	4	10	0
85	5	347.784511689247	35.22749476063483	7	16	1	10	0
86	6	140.3562964843152	57.22964883449166	10	62	1	10	0
87	0	221.48073581797624	2.0	0	13	1	11	0
88	1	173.68488193184442	6.198711272569365	1	9816	3	11	0
89	2	283.8924554270153	11.04095767510466	2	15	1	11	0
90	3	128.8981201956658	21.33605777537157	4	54	1	11	0
91	4	139.40764904703252	25.088703900073757	4	54	1	11	0
92	5	236.6346951297555	31.012553482418248	5	267	2	11	0
93	6	327.2056177624737	38.3443840637134	6	59	1	11	0
94	7	216.7584707857311	47.59505935136943	7	680	2	11	0
95	8	225.10987362144698	51.12518990242412	8	9547	3	11	0
96	9	260.7813299418587	57.284777925597794	10	21335	4	11	0
97	0	288.0088492732776	3.5	0	1	0	12	0
98	1	273.0687711735075	9.016338156804846	1	28850	4	12	0
99	2	275.2823812367339	25.171865175586642	4	508	2	12	0
100	3	121.05839519942326	30.852805754286024	6	16	1	12	0
101	4	122.82346520030487	36.158592573658495	6	16	1	12	0
102	5	244.08249481891437	41.68546119798642	8	2670	3	12	0
103	6	119.19762680072893	44.985181284846284	8	2670	3	12	0
104	0	240.24704910379856	3.0	0	83	1	13	0
105	1	270.92404638888127	7.358644463517046	1	438	2	13	0
106	2	215.4384698020073	10.816695148023854	2	834	2	13	0
107	3	121.74410994552073	17.899028599180955	3	937	2	13	0
108	4	216.9256360445952	23.15092723101053	5	21335	4	13	0
109	5	151.70833971502356	31.088228907359163	7	44	1	13	0
110	6	274.40981877980846	36.62086734081687	7	44	1	13	0
111	0	238.78303040609882	2.5	0	69974	4	14	0
112	1	261.5791020265546	8.339804141241725	1	7	0	14	0
113	2	343.8015530589001	17.321319563994926	3	3286	3	14	0
114	3	309.24341708109534	24.911891685974865	4	32	1	14	0
115	4	116.19167875153195	26.91041480031521	4	32	1	14	0
116	5	130.8517258277362	33.482397062881155	5	7289	3	14	0
117	6	178.586970447979	40.12583387624471	6	58	1	14	0
118	7	200.6240770913529	51.31845433887069	7	2	0	14	0
119	8	131.48579279814942	47.179614179214816	7	2	0	14	0
120	9	142.53960754436866	55.29871195841214	8	28850	4	14	0
121	0	240.5089529419992	2.5	0	69974	4	15	0
122	1	238.1288935651443	5.8521947160304135	1	57	1	15	0
123	2	336.27662909758135	14.579164477288074	2	1	0	15	0
124	3	233.59226302380966	19.55091148755473	3	1068	3	15	0
125	4	255.71342531930932	30.539546859216134	5	66	1	15	0
126	5	216.65270316899	37.58829729465849	6	2	0	15	0
127	6	274.905439262529	42.1822603763064	7	2252	3	15	0
128	7	262.5473119464955	48.16381802901875	9	71	1	15	0
129	8	286.6431169138411	51.57956383882226	9	71	1	15	0
130	0	254.17680302330504	2.5	0	69974	4	16	0
131	1	263.37733324980127	7.028136780372571	1	351	2	16	0
132	2	230.60350797312253	13.2768161356454	2	570	2	16	0
133	3	195.8059407989804	17.781401989580203	3	10593	4	16	0
134	4	202.57809880203362	25.168881049915786	4	37	1	16	0
135	5	265.57698386268794	29.658440537469126	5	78	1	16	0
136	6	184.99513294422422	35.31739056883718	6	28850	4	16	0
137	7	375.6988954196055	41.120962921861995	7	1	0	16	0
138	8	170.0754023484069	49.00783453530487	9	1	0	16	0
139	0	324.74179570431954	2.5	0	845	2	17	0
140	1	269.9735400715647	14.055919762809005	2	398	2	17	0
141	2	185.31855543543048	19.817385466721856	3	6994	3	17	0
142	3	228.97003163068547	22.948735028913145	4	165	2	17	0
143	4	199.59044202344282	27.28044394314876	6	445	2	17	0
144	5	157.29368520416	31.348730746630572	6	445	2	17	0
145	6	150.52584277358451	38.59487797667422	8	59	1	17	0
146	7	169.01174686898344	44.26653560750895	9	28850	4	17	0
147	8	91.15341809145133	39.81906978996838	8	59	1	17	0
148	9	109.63917052176399	44.39580119110364	9	28850	4	17	0
149	0	200.97067370881962	2.5	0	69974	4	18	0
150	1	145.49142097103817	5.663522780624162	1	5	0	18	0
151	2	155.50111056263592	9.402002947652155	1	5	0	18	0
152	3	154.23368147192542	18.041759466856817	2	216	2	18	0
153	4	253.91226502355056	23.044993877354926	3	30	1	18	0
154	5	215.34930768270306	28.750697936997696	4	585	2	18	0
155	0	255.11108281261022	2.5	0	69974	4	19	0
156	1	296.73057340335123	7.877785132650984	1	36	1	19	0
157	2	241.85143482574478	13.095446539268877	2	49	1	19	0
158	3	305.89345185261953	18.806245111506392	3	173	2	19	0
159	4	181.31786212891316	26.57306010924088	4	223	2	19	0
160	5	140.27710504818802	34.00616669873076	5	12	1	19	0
161	6	199.5757087675455	38.101841787744505	5	12	1	19	0
162	7	207.14995587121126	43.06290006935843	6	1789	3	19	0
163	8	146.6148042681468	46.75936091080024	8	244	2	19	0
164	9	257.2092840699568	50.83924727614497	8	244	2	19	0
165	10	179.9225279041739	67.63091221902181	11	86	1	19	0
166	0	259.8206514996317	3.0	0	87	1	20	0
167	1	283.4656728850878	7.692119200274629	1	9816	3	20	0
168	2	197.51355815272302	11.999742499295152	2	69974	4	20	0
169	3	306.70694427023125	22.40256097593645	4	4	0	20	0
170	4	293.2486763566542	29.484009095624845	5	2252	3	20	0
171	5	303.1868810752345	37.10330458206895	6	36	1	20	0
172	6	126.97647912660787	44.87243962260103	8	143	2	20	0
173	7	223.40456297682726	49.930599751139226	8	143	2	20	0
174	8	195.38105882812025	56.9717151033794	9	90	1	20	0
175	9	125.98077201068546	59.56060354702406	10	21335	4	20	0
176	0	221.34059114608857	2.5	0	69974	4	21	0
177	1	350.3030196634223	9.717934932793021	1	1	0	21	0
178	2	169.83110088365356	14.067946177012438	2	67	1	21	0
179	3	279.9476771065734	19.32930049168474	3	69974	4	21	0
180	4	306.96016701118873	37.14810488377901	6	49	1	21	0
181	5	218.98016016743549	41.50133928588007	7	6	0	21	0
182	6	129.3194110858661	46.05645321509149	7	6	0	21	0
183	0	359.5517558326069	3.5	0	11	1	22	0
184	1	177.71228908851765	9.325760114169558	1	9816	3	22	0
185	2	167.8566645488952	15.090236140067137	3	26155	4	22	0
186	3	233.50443476951696	19.348754894195462	4	69974	4	22	0
187	4	320.18721906362686	28.96782968262528	5	1	0	22	0
188	5	111.62850097285913	44.4849968222961	7	883	2	22	0
189	6	120.93495163162953	50.16571120172775	8	9547	3	22	0
190	7	120.09494312556777	54.111429174998314	9	1	0	22	0
191	0	223.884644563014	3.0	0	1159	3	23	0
192	1	269.87826817576763	7.518734419043262	1	239	2	23	0
193	2	235.43297958754036	17.879119943792002	2	25	1	23	0
194	3	259.1533085900739	24.24383683252836	3	86	1	23	0
195	4	148.41367481815942	34.17885734629915	5	343	2	23	0
196	5	131.3938124897374	29.307674304648945	3	86	1	23	0
197	6	162.935921986833	37.81742425457953	5	343	2	23	0
198	7	210.0550314469854	47.46365846583358	7	145	2	23	0
199	0	257.2805732427769	2.5	0	69974	4	24	0
200	1	247.74634996879155	8.464966900212339	1	1	0	24	0
201	2	159.21005904845873	16.35713657981622	2	9816	3	24	0
202	3	127.2055314981981	20.0046956650649	3	24	1	24	0
203	4	183.26976791044228	15.311809436530638	2	9816	3	24	0
204	5	181.8205521594521	30.802935231935393	4	2333	3	24	0
205	6	147.9222992331587	36.123196047031456	6	1	0	24	0
206	7	292.6930503460301	43.29159482669321	6	1	0	24	0
207	0	230.443148144647	2.0	0	8761	3	25	0
208	1	205.43235294422672	5.778069137720745	1	10109	4	25	0
209	2	190.81294404262528	9.135945615086918	2	4868	3	25	0
210	3	194.38267413209394	15.388701016492979	3	63	1	25	0
211	4	290.5990471071443	19.934504208304173	4	26155	4	25	0
212	5	186.1823449790894	24.5236030513656	5	772	2	25	0
213	6	175.28238725556497	21.32205595649153	5	772	2	25	0
214	7	113.73601224870184	31.29630587449146	7	2	0	25	0
215	8	110.33876927083293	36.48302739302788	7	2	0	25	0
216	9	195.57951351440667	43.53035923585445	8	55	1	25	0
217	10	148.20277476290272	40.353155589606374	8	55	1	25	0
218	0	341.26267531215757	3.0	0	1	0	26	0
219	1	279.55506953723034	8.720617725895082	1	426	2	26	0
220	2	176.04001519357672	14.500512176321067	3	51	1	26	0
221	3	135.7875880704277	19.371841633760507	4	1	0	26	0
222	4	348.1574812460474	22.72066552261327	4	1	0	26	0
223	5	338.60538695375993	52.067884337602976	9	58	1	26	0
224	0	275.44248081122146	2.0	0	14	1	27	0
225	1	186.17465300587065	6.505688916336155	1	34	1	27	0
226	2	387.9432035341564	15.808978857717984	2	1015	3	27	0
227	3	171.91427328269333	21.469988992384614	3	123	2	27	0
228	4	163.53120979859807	26.598027962647194	3	123	2	27	0
229	5	159.2335007849529	22.134967991995275	3	123	2	27	0
230	6	266.86183605722397	33.72266144354473	5	58	1	27	0
231	7	192.92991493588866	41.34382227779844	6	25	1	27	0
232	8	200.1372249775944	51.05273585646984	8	1	0	27	0
233	9	105.58491053261628	54.67753389011001	8	1	0	27	0
234	10	131.74398368887654	48.17518198734239	8	1	0	27	0
235	11	189.0725469284028	56.626661089304136	9	4204	3	27	0
236	0	252.73097280012325	2.5	0	69974	4	28	0
237	1	368.59251258346296	5.8278589459698935	1	1	0	28	0
238	2	279.41285169364477	14.663078656715998	2	5	0	28	0
239	3	377.5422490282642	29.691527156627494	4	3	0	28	0
240	4	280.1715997714569	39.2996089348039	7	97	1	28	0
241	0	313.55644685982406	3.0	0	87	1	29	0
242	1	166.73469660208167	16.26020674945461	2	3	0	29	0
243	2	187.75229254173206	11.584999126126599	2	3	0	29	0
244	3	327.01382523572545	25.03187937824873	4	76	1	29	0
245	4	264.72669849533514	28.520022517612105	4	76	1	29	0
246	5	301.1474640374533	34.82061008924228	6	1	0	29	0
247	0	338.90619215284835	4.5	0	104	2	30	0
248	1	275.3440443539887	17.94301977065634	2	2	0	30	0
249	2	205.819995908345	26.52536687564757	4	10	0	30	0
250	3	186.01291055108038	29.992048022107916	4	10	0	30	0
251	4	289.8996148320327	36.64468598095591	6	75	1	30	0
252	5	133.77747048714176	48.53237900794721	8	69974	4	30	0
253	6	257.9734228707019	54.33549581772839	9	1	0	30	0
254	0	332.4706919869218	5.5	0	1	0	31	0
255	1	146.14842125334857	15.141020990790933	2	23127	4	31	0
256	2	171.27784641518903	11.03792809033478	1	4371	3	31	0
257	3	197.03084562399144	14.185331731755602	1	4371	3	31	0
258	4	147.04361756824895	20.623877849382893	3	26	1	31	0
259	5	154.92979164054032	23.898135539816504	3	26	1	31	0
260	6	149.04014056648055	31.210737254860945	4	69974	4	31	0
261	7	326.7481041342804	37.87075150704415	5	1	0	31	0
262	8	231.9235859032637	44.13149066048682	6	59	1	31	0
263	9	164.751193944075	55.60927317133191	8	1	0	31	0
264	0	300.0669163318501	4.0	0	52	1	32	0
265	1	239.9385575329392	12.42851760085422	1	119	2	32	0
266	2	189.16973820334886	19.74000884409242	2	8	0	32	0
267	3	124.55367922388041	25.427689994641142	3	1	0	32	0
268	4	167.7573489677339	21.18207333151299	3	1	0	32	0
269	5	325.0173029836072	25.723364560159414	3	1	0	32	0
270	6	297.961528481383	36.53200024856332	5	1	0	32	0
271	7	216.6206284834342	44.41121501210067	6	26155	4	32	0
272	0	280.89926045393577	2.5	0	69974	4	33	0
273	1	256.7285178200666	8.801066005222651	1	31	1	33	0
274	2	276.7223902824977	16.07267973821413	2	8	0	33	0
275	3	317.64330722910836	27.44734204345671	4	1	0	33	0
276	4	148.5678564449219	31.29563022764212	5	7251	3	33	0
277	5	245.7414377804596	36.412752503870514	6	9547	3	33	0
278	0	296.42627369542765	2.5	0	69974	4	34	0
279	1	240.63136092912413	8.370923267129934	1	831	2	34	0
280	2	279.59898476977264	13.747487034977597	2	220	2	34	0
281	3	272.22463168233435	18.294858546309563	3	5134	3	34	0
282	4	288.8959977130751	23.461147340300148	4	1	0	34	0
283	5	208.63902621016095	27.534644734563912	4	1	0	34	0
284	6	133.31715376861177	33.86184195109728	6	3036	3	34	0
285	7	143.80721435879943	41.71001807824446	8	28850	4	34	0
286	8	182.35075818260822	45.58549895470367	9	23127	4	34	0
287	9	337.77477656321355	49.191504370595155	10	1	0	34	0
288	0	265.7011648672099	2.5	0	69974	4	35	0
289	1	210.42890483989467	9.005685784682393	1	61	1	35	0
290	2	81.53975052816774	13.452850945185833	2	9816	3	35	0
291	3	274.1500844429791	19.128750116993952	3	104	2	35	0
292	4	162.36305252069988	30.042743161195425	5	3	0	35	0
293	5	59.42266458343292	35.66289101841671	5	3	0	35	0
294	6	276.41605188291544	28.630579478063567	5	3	0	35	0
295	7	66.40688914694411	47.30401026457653	7	15	1	35	0
296	8	143.11936965510196	53.46411387912471	9	1	0	35	0
297	0	211.1083106704827	2.5	0	69974	4	36	0
298	1	247.13485223937107	7.926206567870671	1	213	2	36	0
299	2	218.75912363194593	12.926500395260344	2	5134	3	36	0
300	3	384.77012771084935	21.231919554723586	4	9	0	36	0
301	4	284.1714154149605	30.437447668066422	5	1814	3	36	0
302	5	180.55282865568233	33.848891596690066	6	681	2	36	0
303	6	281.15153200560803	42.65197153473427	7	1	0	36	0
304	7	244.60321771360378	53.73435942873715	9	1	0	36	0
305	0	289.14972500569513	3.0	0	1	0	37	0
306	1	245.02144533408716	8.317124097890822	1	4	0	37	0
307	2	123.9646376737383	25.080348310536074	5	28850	4	37	0
308	3	140.13076846694207	21.143447824579287	4	445	2	37	0
309	4	172.25905394265544	30.726004954832476	6	10	0	37	0
310	5	169.88158054708572	35.563792819064105	6	10	0	37	0
311	6	240.40222885565146	40.63526485870795	7	23127	4	37	0
312	7	180.21905074293272	47.134365226051976	8	1	0	37	0
313	8	231.91433735092335	56.68073563245187	10	69974	4	37	0
314	0	257.0653965267795	2.5	0	69974	4	38	0
315	1	264.9126666697754	8.890404819669245	1	831	2	38	0
316	2	203.94835546897409	15.94647082156521	2	220	2	38	0
317	3	131.85891894848578	22.154792065704275	3	78	1	38	0
318	4	342.1601874862491	27.74537935690504	5	36414	4	38	0
319	5	113.08724385900814	33.21047671352129	6	69974	4	38	0
320	6	159.22228450648038	41.968568877844504	7	1	0	38	0
321	7	136.09565086359973	36.5053369843889	7	1	0	38	0
322	8	52.917078407652475	48.63555046372558	9	36414	4	38	0
323	0	235.2456428007361	2.5	0	69974	4	39	0
324	1	217.70496702661126	6.093946253422218	1	9	0	39	0
325	2	188.09321661192143	11.559702959301436	1	9	0	39	0
326	3	114.54979206315919	16.24992823078351	2	67	1	39	0
327	4	158.57501051686816	25.372867695332886	4	1	0	39	0
328	5	196.82413551100538	28.18119303805994	4	1	0	39	0
329	6	104.02426236192386	32.06876761786804	5	28850	4	39	0
330	7	138.11238885980237	37.76625179046789	6	1601	3	39	0
331	8	446.4236596066179	49.66002369002944	8	22	1	39	0
332	0	263.31058364595486	2.5	0	69974	4	40	0
333	1	229.3215238904434	6.480181932863246	1	123	2	40	0
334	2	275.8736727676684	12.05387580584906	2	288	2	40	0
335	3	194.62400947793637	19.62253317816695	3	1	0	40	0
336	4	339.9862560246752	28.41060716989582	4	68	1	40	0
337	5	108.52604983562759	29.94776534403177	5	23127	4	40	0
338	6	308.6788160220775	36.4926778629874	6	1	0	40	0
339	7	258.8011729819234	46.1026200377713	8	28850	4	40	0
340	8	127.11149843727702	54.97211502526763	10	51	1	40	0
341	0	286.4247969516632	2.5	0	69974	4	41	0
342	1	242.98637253158856	6.2967211218903465	1	8	0	41	0
343	2	331.9108346501207	16.08672221957641	2	1	0	41	0
344	3	334.6171225431465	26.159255154112405	3	37	1	41	0
345	4	170.1821603906048	37.9445929672152	5	1	0	41	0
346	5	190.25754593160292	41.123034335411695	5	1	0	41	0
347	6	158.90643075146352	55.3191331685128	9	591	2	41	0
348	0	346.52178185590526	3.5	0	1068	3	42	0
349	1	195.55156848049154	11.513840442459818	1	34	1	42	0
350	2	369.1031632474457	20.78084897604038	2	265	2	42	0
351	3	193.24352231979623	26.175795360617244	3	69974	4	42	0
352	4	249.67886996421205	31.352556144437496	4	2	0	42	0
353	5	295.1913301257369	38.098838456592645	5	56	1	42	0
354	6	145.5323143456354	48.260771709087365	6	12	1	42	0
355	7	145.9339118535667	45.114763531369434	6	12	1	42	0
356	8	329.7584094935107	56.90834601698098	8	23127	4	42	0
357	0	286.86392776616793	2.0	0	5372	3	43	0
358	1	299.71341096086906	11.083790940665228	2	131	2	43	0
359	2	278.5198256285173	19.664565463865735	3	216	2	43	0
360	3	158.68869722498144	25.242461700674767	4	847	2	43	0
361	4	302.1628794339608	31.27882387858894	5	3286	3	43	0
362	5	225.69377748809907	38.590908487071324	6	36	1	43	0
363	6	272.1217231188127	44.25109137110654	7	7251	3	43	0
364	0	203.8213189436376	2.5	0	69974	4	44	0
365	1	314.4240241398125	8.651089483889875	1	6	0	44	0
366	2	219.9418264059075	16.51635103845379	2	6	0	44	0
367	3	421.1734711663347	22.041975284163435	3	65	1	44	0
368	4	259.6891036143973	29.034540695505832	5	203	2	44	0
369	5	208.32407859159375	32.34013513787171	5	203	2	44	0
370	6	211.54234338410564	38.48764833641192	6	1	0	44	0
371	7	134.8299501768388	45.68984594780238	7	67	1	44	0
372	8	172.9350469845329	52.840228459662065	9	69974	4	44	0
373	0	280.77441329585736	3.0	0	2333	3	45	0
374	1	187.61603592677034	8.984057082327496	1	69974	4	45	0
375	2	178.82180121904764	13.459028217877199	3	134	2	45	0
376	3	105.62787623438055	10.032296527964977	2	1207	3	45	0
377	4	170.2119515393507	15.890628181359963	3	134	2	45	0
378	5	218.43335631689422	19.090952000050248	4	21335	4	45	0
379	6	243.116416102622	28.987121132702427	6	7	0	45	0
380	7	267.0793458895557	35.698825121889755	7	3727	3	45	0
381	8	304.7139252719711	40.79061849263402	8	1	0	45	0
382	9	290.11171716872866	49.13423067357056	9	76	1	45	0
383	0	224.65549268436024	2.5	0	69974	4	46	0
384	1	129.1895565733742	9.424793577580324	1	6	0	46	0
385	2	317.5456345739275	16.25151694735394	2	36	1	46	0
386	3	97.63521428705815	23.857188520257083	3	101	2	46	0
387	4	125.7743094647036	28.730114504394052	3	101	2	46	0
388	5	168.8934041088149	33.917910417895165	5	2	0	46	0
389	6	204.63782589466564	38.02574621429498	5	2	0	46	0
390	7	264.28532218799666	44.55433226227597	7	8761	3	46	0
391	8	308.353858993471	52.03301210802013	8	13	1	46	0
392	0	297.28470872200455	3.0	0	2333	3	47	0
393	1	185.25481398731407	6.824809242377588	1	2	0	47	0
394	2	122.0476478349993	14.92029483997391	2	1	0	47	0
395	3	164.06904109354173	10.611712922066355	2	1	0	47	0
396	4	290.27155649190945	19.792676557117726	3	246	2	47	0
397	5	338.5788272182428	29.563041402358543	4	1	0	47	0
398	6	331.1456012773981	36.52156018144356	5	28850	4	47	0
399	7	127.18611798269279	41.91024518058469	6	10	0	47	0
400	8	340.88325558615804	50.794008849502305	8	41	1	47	0
