	fixationN	duration	position	wordN	freq	freqClass	sentenceN	runN
0	1	324.4954618270305	3.0	1	1.0	0	1	1
1	2	274.7100300683767	8.790161459368337	2	181.0	2	1	1
2	3	230.34601629078347	15.758338871047695	3	1789.0	3	1	1
3	4	219.97060048214962	21.018358692342048	5	1635.0	3	1	1
4	5	282.9314796574089	30.660400252508015	6	81.0	2	1	1
5	6	180.86855175718878	34.41363074230312	6	81.0	2	1	1
6	7	133.8565804751106	40.49933014455932	8	69974.0	5	1	1
7	8	201.76724147667585	48.64682854057795	10	36414.0	5	1	1
8	1	276.34721619635474	1.5	1	69974.0	5	2	1
9	2	248.6152940838981	6.966196489344999	2	92.0	2	2	1
10	3	206.18709852670193	17.51086767231438	3	52.0	2	2	1
11	4	107.36747675784977	20.85387612048111	3	52.0	2	2	1
12	5	156.59134262493635	30.246413281731172	5	1635.0	3	2	1
13	6	102.77554416179291	34.046727408249374	6	382.0	3	2	1
14	7	172.75825295626095	42.19597866860802	7	36414.0	5	2	1
15	8	217.00340212661524	46.019727420691915	8	69974.0	5	2	1
16	9	253.25947049812567	56.47627454181742	10	207.0	2	2	1
17	1	306.97076869182735	2.0	1	108.0	2	3	1
18	2	296.22236849818705	13.44682735759744	4	213.0	2	3	1
19	3	295.3888518462767	22.62070132003394	5	226.0	2	3	1
20	4	127.4783013022066	30.786019641340744	7	3942.0	4	3	1
21	5	187.67012729880673	34.94311747040941	7	3942.0	4	3	1
22	6	371.02478924077616	42.874008945260215	9	1.0	0	3	1
23	7	231.30734483430427	46.64716945245605	10	1068.0	3	3	1
24	1	247.94429397912108	2.0	1	83.0	2	4	1
25	2	305.74730927821713	8.169893843526694	2	413.0	3	4	1
26	3	236.62830032828236	11.58949784562933	3	1.0	0	4	1
27	4	197.21000589540637	22.35010884291406	5	9547.0	4	4	1
28	5	294.39525435452055	28.243355536633565	6	2715.0	3	4	1
29	6	133.56305130975198	33.05116381849436	7	149.0	2	4	1
30	7	295.07532780953363	41.040851743325845	9	1068.0	3	4	1
31	8	144.01270023569927	42.76175881168928	9	1068.0	3	4	1
32	1	216.13489478579507	2.0	1	143.0	2	5	1
33	2	250.27081526528295	9.9176262726656	2	22.0	1	5	1
34	3	237.84161468397946	16.39258967275861	3	10593.0	4	5	1
35	4	344.73812220744753	30.1722464678926	5	39.0	2	5	1
36	5	322.565448754133	36.89023577053669	6	97.0	2	5	1
37	1	261.1282073997025	1.5	1	69974.0	5	6	1
38	2	167.23119076817272	7.619938149001006	2	45.0	2	6	1
39	3	242.24170145115312	12.759163050826054	3	1207.0	3	6	1
40	4	224.13899942737845	19.972049611591444	4	401.0	3	6	1
41	5	170.5882989433269	22.813567952914976	5	69974.0	5	6	1
42	6	197.54120766578163	29.765427074672395	6	40.0	2	6	1
43	7	285.9889296849014	34.785373284385734	7	26155.0	4	6	1
44	8	241.6686593047156	54.52979362824044	11	1635.0	3	6	1
45	9	320.1815957287161	60.050987497266384	12	201.0	2	6	1
46	1	315.02138414134413	1.5	1	69974.0	5	7	1
47	2	175.01081099209887	8.656883702248688	2	19.0	1	7	1
48	3	314.0913667832073	17.911654989040052	3	102.0	2	7	1
49	4	303.0466289780895	23.7783428151309	4	26155.0	4	7	1
50	5	269.2771246857807	31.11996803654172	6	4.0	1	7	1
51	1	243.72361437715003	0.5	1	23127.0	4	8	1
52	2	231.66505488924685	6.004260823217359	2	11.0	1	8	1
53	3	86.81757157470079	13.199043952392099	3	1.0	0	8	1
54	4	87.92419641404196	17.563739265126912	3	1.0	0	8	1
55	5	429.9430956561681	25.478456465695974	4	1.0	0	8	1
56	6	223.67176944789435	32.63379259758186	5	485.0	3	8	1
57	7	133.50568452076766	42.888486065322844	8	37.0	2	8	1
58	1	288.9761218646164	3.5	1	1.0	0	9	1
59	2	353.10932126953384	14.576485138122923	2	90.0	2	9	1
60	3	229.39412995587824	18.482909706443955	3	9816.0	4	9	1
61	4	146.8887783011173	28.48050653889227	5	7289.0	4	9	1
62	5	71.6740137576561	33.885698068438046	6	6.0	1	9	1
63	6	424.3236066335184	28.32321759945448	5	7289.0	4	9	1
64	7	120.90427654422462	54.0915066592802	9	1.0	0	9	1
65	1	296.61489551921034	1.5	1	69974.0	5	10	1
66	2	213.23789539279542	6.8785895577000815	2	8.0	1	10	1
67	3	336.1734844708579	16.209235150641586	3	39.0	2	10	1
68	4	258.13484334141896	25.947592862521677	4	83.0	2	10	1
69	5	182.87965827305777	29.78584205221864	4	83.0	2	10	1
70	6	99.80940079309934	35.658215593638495	6	69974.0	5	10	1
71	7	244.23478837357766	44.756996982021164	7	72.0	2	10	1
72	1	273.1145069502864	1.5	1	15.0	1	11	1
73	2	152.70441474776993	3.106157551139205	2	413.0	3	11	1
74	3	123.12476827587142	0.0	1	15.0	1	11	1
75	4	195.49124490759672	4.2500765759674	2	413.0	3	11	1
76	5	225.41021976099242	10.349239995009999	3	69974.0	5	11	1
77	6	328.36199543256413	15.776421812098707	4	80.0	2	11	1
78	7	155.56268526661452	27.233530205964637	6	3036.0	3	11	1
79	8	100.41806341648883	29.88394743380146	7	76.0	2	11	1
80	9	164.65305404827458	36.815771728737865	8	16.0	1	11	1
81	10	177.08438676338025	33.06632254444117	8	16.0	1	11	1
82	11	151.2776526901678	58.2095190414846	11	62.0	2	11	1
83	1	304.62029077950166	1.0	1	13.0	1	12	1
84	2	285.8653625172575	11.638696918499745	3	15.0	1	12	1
85	3	137.4361754164657	20.19674842736344	5	54.0	2	12	1
86	4	184.8245444592625	24.438281044592998	5	54.0	2	12	1
87	5	297.9225880937714	31.93294335300213	6	267.0	2	12	1
88	6	255.4343567342439	38.83386599728234	7	59.0	2	12	1
89	7	277.3919322656783	45.61991642741043	8	680.0	3	12	1
90	8	130.33473581439713	60.546402097854894	12	498.0	3	12	1
91	1	297.62882019143666	2.5	1	1.0	0	13	1
92	2	260.0623500432723	8.49414846851362	2	28850.0	4	13	1
93	3	259.48805990073646	13.094885830762035	4	161.0	2	13	1
94	4	404.92088994732177	31.360019345885856	7	16.0	1	13	1
95	5	253.7590521463183	42.83225036197909	9	2670.0	3	13	1
96	1	240.52385514101573	2.0	1	83.0	2	14	1
97	2	304.7350359498554	8.187381700675727	3	834.0	3	14	1
98	3	144.90206592588177	11.00253290671245	3	834.0	3	14	1
99	4	134.1920605043652	15.656310328782919	4	937.0	3	14	1
100	5	192.27201913250124	20.971928716531295	5	22.0	1	14	1
101	6	123.85850347428718	26.205691356214604	7	69974.0	5	14	1
102	7	169.190578351848	32.55766404756611	8	44.0	2	14	1
103	8	148.97560206344852	38.68207096565683	9	103.0	2	14	1
104	9	152.15599255975087	49.39266131883833	10	69974.0	5	14	1
105	1	279.06810117783755	1.5	1	69974.0	5	15	1
106	2	260.3682873817041	6.9701227927178655	2	7.0	1	15	1
107	3	342.33307297399165	11.463061868834176	3	10.0	1	15	1
108	4	355.57230724915803	24.675680572289213	5	32.0	1	15	1
109	5	188.16892638424133	36.79606275588556	7	58.0	2	15	1
110	6	110.63810750156235	41.02257785365791	7	58.0	2	15	1
111	7	298.7214339932028	48.14235421650383	8	2.0	0	15	1
112	1	191.02767347073416	1.5	1	69974.0	5	16	1
113	2	149.54412885850616	6.13928729709831	2	57.0	2	16	1
114	3	379.3908262379154	14.342035426706772	3	1.0	0	16	1
115	4	195.12745120300536	19.82623316758172	4	1068.0	3	16	1
116	5	232.58414422449485	29.06221489345014	6	66.0	2	16	1
117	6	120.26611166558831	38.42684641052971	7	2.0	0	16	1
118	7	213.07997928164056	43.34768757566054	9	9816.0	4	16	1
119	8	285.60989303673136	51.856516417284155	10	71.0	2	16	1
120	1	263.23049989538566	1.5	1	69974.0	5	17	1
121	2	117.66496252649881	5.405678329111561	2	351.0	3	17	1
122	3	228.25003884502237	12.753279901128051	3	570.0	3	17	1
123	4	187.87606199550936	17.72092835913335	4	10593.0	4	17	1
124	5	300.02534238544257	23.88133186617477	5	37.0	2	17	1
125	6	222.8486867480637	27.753680292486976	6	78.0	2	17	1
126	7	294.23029958456885	35.41110087852587	7	28850.0	4	17	1
127	8	213.15155581010336	40.31353713070796	8	1.0	0	17	1
128	9	205.829773051342	49.2496088974065	10	1.0	0	17	1
129	1	297.2266553281039	1.5	1	845.0	3	18	1
130	2	235.48122732500445	6.668693415806289	2	72.0	2	18	1
131	3	232.05997658070703	11.735248048260507	3	398.0	3	18	1
132	4	211.35431708901598	18.333476952384768	4	6994.0	4	18	1
133	5	154.618262350323	23.310812397081857	6	26155.0	4	18	1
134	6	222.37308080657343	29.68580878438303	7	445.0	3	18	1
135	7	94.83120743769173	39.72189248972638	9	59.0	2	18	1
136	8	226.37025633509563	47.47174993242877	11	1.0	0	18	1
137	9	134.58080940563775	51.28520757369124	12	69974.0	5	18	1
138	1	214.72601788672281	1.5	1	69974.0	5	19	1
139	2	288.4551284870378	7.418892119168432	2	5.0	1	19	1
140	3	128.67135535302657	15.84258184920068	3	216.0	2	19	1
141	4	128.5163525245503	11.007611762594381	3	216.0	2	19	1
142	5	440.0528852494931	16.069299237058488	3	216.0	2	19	1
143	6	100.28310867163546	26.554678199812464	5	585.0	3	19	1
144	1	222.7578902911352	1.5	1	69974.0	5	20	1
145	2	178.45084315950572	7.70892819844949	2	36.0	2	20	1
146	3	282.4142737733499	14.957354312250608	3	49.0	2	20	1
147	4	210.046183797851	19.444882501369793	4	173.0	2	20	1
148	5	122.99361448027324	31.211123759326746	6	12.0	1	20	1
149	6	329.11533949849047	34.51265415418261	6	12.0	1	20	1
150	7	289.5780000206564	46.06590027697342	9	244.0	2	20	1
151	1	278.08930876414775	2.0	1	87.0	2	21	1
152	2	270.91128374409146	11.16952073135839	3	69974.0	5	21	1
153	3	201.37837448107996	15.219243909796237	4	1748.0	3	21	1
154	4	277.50512509014425	22.832411993294386	5	4.0	1	21	1
155	5	219.5501027223086	27.378756408120278	6	2252.0	3	21	1
156	6	230.73905842540609	35.41639515236598	7	36.0	2	21	1
157	7	138.89928584789968	45.778502435602576	9	143.0	2	21	1
158	8	227.47676516383808	48.6823488393843	9	143.0	2	21	1
159	9	278.4728541635165	55.955893181702024	10	90.0	2	21	1
160	1	217.63890245908033	1.5	1	69974.0	5	22	1
161	2	270.31095712422035	7.686964390405377	2	1.0	0	22	1
162	3	262.9029043352153	15.476344405369387	3	67.0	2	22	1
163	4	374.5828586048717	24.877971869950912	5	119.0	2	22	1
164	5	190.37021952497034	28.870651779892	6	28850.0	4	22	1
165	6	213.7742234831805	34.83786051634238	7	49.0	2	22	1
166	7	273.1130045592047	44.27172953179566	8	6.0	1	22	1
167	1	302.47830842369206	2.5	1	11.0	1	23	1
168	2	258.2439537403986	7.4978098387432075	2	9816.0	4	23	1
169	3	188.60159898374187	12.8848500178558	3	145.0	2	23	1
170	4	147.2283056737155	19.674117785636714	5	69974.0	5	23	1
171	5	118.38965987265065	15.95916248044025	4	26155.0	4	23	1
172	6	136.17704101283658	21.499396929245457	6	1.0	0	23	1
173	7	190.36417473353845	17.83013975032614	5	69974.0	5	23	1
174	8	177.43496816756786	21.168494501830438	6	1.0	0	23	1
175	9	178.37228498346136	42.167327197874414	8	883.0	3	23	1
176	10	159.75834218625806	46.368081907556075	8	883.0	3	23	1
177	11	333.091369239757	54.191198722948286	10	1.0	0	23	1
178	1	270.7744038520247	2.0	1	1159.0	3	24	1
179	2	144.8878650029297	7.739673670722743	2	239.0	2	24	1
180	3	271.3481296125786	13.534510577348172	3	25.0	1	24	1
181	4	298.42563360620846	25.16211565567717	4	86.0	2	24	1
182	5	257.92467747235537	30.438569578722444	5	5372.0	4	24	1
183	6	139.88506975743877	34.828202815951414	6	343.0	3	24	1
184	7	207.15588055100656	40.53844188158818	7	3297.0	4	24	1
185	1	240.02547465402796	1.5	1	69974.0	5	25	1
186	2	224.7302567267495	8.221855984745687	2	1.0	0	25	1
187	3	311.57142768232023	13.48597728257488	3	9816.0	4	25	1
188	4	173.9715956789523	21.28830403414922	4	24.0	1	25	1
189	5	128.78159761019128	24.23837904488177	4	24.0	1	25	1
190	6	157.72480286957702	20.507292126488068	4	24.0	1	25	1
191	7	153.80412598424647	32.55734817433693	6	6994.0	4	25	1
192	8	95.98270861958969	35.32471522955514	7	1.0	0	25	1
193	1	263.78384303911673	1.0	1	8761.0	4	26	1
194	2	217.85726396351095	4.3821464671844055	2	10109.0	4	26	1
195	3	149.97509629597928	8.763185625349703	3	4868.0	4	26	1
196	4	241.07850220215752	14.700936211152076	4	63.0	2	26	1
197	5	270.204772456927	20.62742353712364	6	772.0	3	26	1
198	6	415.7929115099895	32.99936811999686	8	2.0	0	26	1
199	7	231.72742472272972	42.97902220684563	9	55.0	2	26	1
200	8	181.0331812687519	45.53408129017706	11	195.0	2	26	1
201	1	289.14722245920916	2.0	1	1.0	0	27	1
202	2	210.82220916939227	8.243653219565202	2	426.0	3	27	1
203	3	225.6339028858134	11.725441612851274	3	6995.0	4	27	1
204	4	158.31238310035894	17.19884228513164	4	51.0	2	27	1
205	5	218.54987383722386	25.599091864386267	5	1.0	0	27	1
206	6	128.6069279472305	29.87902776708648	6	26155.0	4	27	1
207	7	215.04456060225405	45.812930543351605	8	2.0	0	27	1
208	8	176.6424572977898	51.12101697482634	10	58.0	2	27	1
209	1	309.1170184130977	1.0	1	14.0	1	28	1
210	2	264.37141954240155	7.7760211747558134	2	34.0	2	28	1
211	3	218.44922449826436	14.344736114092381	3	1015.0	3	28	1
212	4	148.6703731907008	21.373698507673446	4	123.0	2	28	1
213	5	145.58728264492314	25.699322273526292	4	123.0	2	28	1
214	6	258.88965914020423	29.36430808170901	5	26155.0	4	28	1
215	7	196.6596918604881	34.18264674554735	6	58.0	2	28	1
216	8	100.69538395492881	42.68376245417595	7	25.0	1	28	1
217	9	141.52855970899083	37.94129637037919	7	25.0	1	28	1
218	10	126.46270131688523	43.53420123238954	7	25.0	1	28	1
219	11	230.65267068975496	37.175461532646516	7	25.0	1	28	1
220	12	182.83334847666495	59.203747235139865	11	42.0	2	28	1
221	1	263.61656804126574	1.5	1	69974.0	5	29	1
222	2	177.7816129333904	6.858988129169954	2	1.0	0	29	1
223	3	248.21963570789435	14.05430384766283	3	5.0	1	29	1
224	4	192.90896179323838	18.510463751186784	4	6994.0	4	29	1
225	5	160.96902181583621	29.134149453301372	6	7251.0	4	29	1
226	6	94.15025778940306	33.86868602453399	7	9547.0	4	29	1
227	7	260.508141300768	41.59165006866958	8	97.0	2	29	1
228	1	250.40897135156115	2.0	1	87.0	2	30	1
229	2	222.0597465674069	7.18878840708632	2	9816.0	4	30	1
230	3	169.62571992450697	15.72125061068381	3	3.0	0	30	1
231	4	203.40272012026733	20.810252703947356	5	76.0	2	30	1
232	5	199.6675671450784	23.75604393043434	5	76.0	2	30	1
233	1	306.0088685868283	3.5	1	104.0	2	31	1
234	2	201.26270195650366	9.77749882122551	2	7289.0	4	31	1
235	3	311.00228382710935	16.995447050890334	3	2.0	0	31	1
236	4	226.6267461641304	23.294560153529247	4	69974.0	5	31	1
237	5	177.66888118610655	28.964340486084936	5	10.0	1	31	1
238	6	353.4837220408933	37.641993322929224	7	75.0	2	31	1
239	7	387.14924026742426	51.84429991879014	10	1.0	0	31	1
240	1	370.7766984738786	4.5	1	1.0	0	32	1
241	2	196.8752455930217	9.951049537942602	2	4371.0	4	32	1
242	3	290.29838216197106	14.964977392047505	3	23127.0	4	32	1
243	4	206.3237751917752	22.276056683136908	4	26.0	1	32	1
244	5	302.8850766946511	29.119532338771585	5	69974.0	5	32	1
245	6	307.324488238857	43.073430275345544	7	59.0	2	32	1
246	1	275.0146150021542	3.0	1	52.0	2	33	1
247	2	352.9129724791026	11.448608319297332	2	119.0	2	33	1
248	3	126.32492711397167	15.129792335170336	3	8.0	1	33	1
249	4	326.2733979674832	22.502251114720302	4	1.0	0	33	1
250	5	154.9767896589899	39.55435429881966	6	1.0	0	33	1
251	6	275.0744193517426	43.43528127400776	7	26155.0	4	33	1
252	1	305.1650771408937	1.5	1	69974.0	5	34	1
253	2	240.79958618428861	8.701536923792371	2	31.0	1	34	1
254	3	267.071548353972	15.143915193556053	3	8.0	1	34	1
255	4	297.9566963794343	28.39430420983507	5	1.0	0	34	1
256	5	291.03204026528124	34.56422118534488	7	9547.0	4	34	1
257	6	211.65321600821133	39.260224615936856	8	20.0	1	34	1
258	7	237.2499558132457	48.1050686492231	9	282.0	2	34	1
259	1	248.52024426168936	1.5	1	69974.0	5	35	1
260	2	246.8840767556751	4.827148735627839	2	831.0	3	35	1
261	3	134.7322235243376	14.03116473102845	3	220.0	2	35	1
262	4	214.17618916460168	18.713300054617847	4	5134.0	4	35	1
263	5	93.81009820306238	24.78051128630494	5	1.0	0	35	1
264	6	128.63463559687415	19.931399032536397	5	1.0	0	35	1
265	7	150.039412050806	25.90521679260398	5	1.0	0	35	1
266	8	191.00499505920544	22.85052866193194	5	1.0	0	35	1
267	9	245.56660970614251	32.07470745650207	7	3036.0	3	35	1
268	10	126.11569048502204	36.2923390690857	8	25.0	1	35	1
269	11	156.2732522271689	41.109276509112576	9	28850.0	4	35	1
270	12	145.71587679533502	46.06952601064534	11	1.0	0	35	1
271	13	134.5046665649325	42.980753463084795	9	28850.0	4	35	1
272	14	139.2792074307212	48.87925947922682	11	1.0	0	35	1
273	15	124.23986962975684	51.947407973646754	11	1.0	0	35	1
274	1	266.1786757305532	1.5	1	69974.0	5	36	1
275	2	264.9438131415148	7.473721114001559	2	61.0	2	36	1
276	3	396.53262948513617	17.59188780005506	4	104.0	2	36	1
277	4	131.41806623643942	31.720289635328903	6	3.0	0	36	1
278	5	178.56414692379226	28.793932450651788	6	3.0	0	36	1
279	6	290.7920324631383	37.44207830936805	7	93.0	2	36	1
280	7	185.14589827022385	45.14553327013553	8	15.0	1	36	1
281	8	105.78936647706867	50.34655096068059	9	28850.0	4	36	1
282	9	161.69244078519736	60.237535200981426	10	1.0	0	36	1
283	1	280.36010304724397	1.5	1	69974.0	5	37	1
284	2	246.61927278831686	6.484188652696113	2	213.0	2	37	1
285	3	165.1208826733453	12.736452284455574	3	5134.0	4	37	1
286	4	161.58836528859433	16.18528829668663	5	9.0	1	37	1
287	5	195.9104654971675	21.435701049361686	5	9.0	1	37	1
288	6	136.1931630465521	18.689111596560508	5	9.0	1	37	1
289	7	181.35536053304804	21.915731619183486	5	9.0	1	37	1
290	8	168.98467974736968	32.35896992455963	7	681.0	3	37	1
291	9	198.76008495064397	36.35340334888947	7	681.0	3	37	1
292	10	150.2944708407788	46.73847002046642	9	5305.0	4	37	1
293	11	251.606437548614	52.422502125409544	10	1.0	0	37	1
294	1	319.6778303185674	2.0	1	1.0	0	38	1
295	2	192.22943380044902	7.3897414138113495	2	4.0	1	38	1
296	3	71.0162855399299	12.46470106788988	3	1789.0	3	38	1
297	4	218.57467677224034	19.144676210662738	5	445.0	3	38	1
298	5	150.000738492033	31.034891033986042	7	10.0	1	38	1
299	6	181.0088447620887	35.51995888075098	7	10.0	1	38	1
300	7	302.34425014345527	40.93879949445692	9	1.0	0	38	1
301	8	176.12933287286148	44.6569356194633	9	1.0	0	38	1
302	9	296.3891611262702	50.610603745947095	10	4371.0	4	38	1
303	10	188.7173001145671	57.33286646891591	12	34.0	2	38	1
304	1	269.85768062092933	1.5	1	69974.0	5	39	1
305	2	194.0403684366814	5.648858278235643	2	831.0	3	39	1
306	3	174.49055912010624	15.234750839320004	4	78.0	2	39	1
307	4	120.37981782253556	12.170189326770664	3	220.0	2	39	1
308	5	267.9140227819423	17.424564524703264	4	78.0	2	39	1
309	6	245.5932385275359	24.538980161525522	5	3001.0	3	39	1
310	7	196.5612298471382	28.263912264635437	6	36414.0	5	39	1
311	8	432.9856669920302	37.20016513279846	8	1.0	0	39	1
312	9	307.9597436583769	55.65487507247164	12	31.0	1	39	1
313	1	241.92193127037532	1.5	1	69974.0	5	40	1
314	2	162.01893138618948	6.562737224424943	2	9.0	1	40	1
315	3	166.3553021341295	14.986249003627139	3	67.0	2	40	1
316	4	71.76921448009632	12.29736697649053	3	67.0	2	40	1
317	5	259.62072324470034	18.453467803218118	4	6994.0	4	40	1
318	6	258.5119804786546	24.762023784800895	5	1.0	0	40	1
319	7	225.48929853421262	30.749277115193713	6	28850.0	4	40	1
320	8	200.98960016950534	37.017445494318096	7	1601.0	3	40	1
321	9	215.17136972378327	45.736108757268816	9	22.0	1	40	1
322	10	138.18097180778105	50.172339572086116	9	22.0	1	40	1
323	11	151.98647736195403	62.85057443472217	12	103.0	2	40	1
324	1	251.7935980701062	1.5	1	69974.0	5	41	1
325	2	219.1734993641266	5.398182484695505	2	123.0	2	41	1
326	3	185.79200787806678	11.813495749694388	3	288.0	2	41	1
327	4	137.7928236191216	18.17390350078662	4	1.0	0	41	1
328	5	188.62947215997465	21.82889886802865	4	1.0	0	41	1
329	6	111.77064976920651	28.990471830280704	6	23127.0	4	41	1
330	7	181.41202083696837	32.154319645132766	7	1.0	0	41	1
331	8	207.53899064065106	34.94970783664845	7	1.0	0	41	1
332	9	106.46900252051185	42.29984236259019	8	81.0	2	41	1
333	1	229.05837802595894	1.5	1	69974.0	5	42	1
334	2	200.48945220168167	8.58161222646254	2	8.0	1	42	1
335	3	166.73628101073865	12.599768499308807	3	1.0	0	42	1
336	4	163.7310495658032	16.471501293894388	3	1.0	0	42	1
337	5	144.43217233739156	29.401343960875487	4	37.0	2	42	1
338	6	226.0688809261088	24.1434781482212	4	37.0	2	42	1
339	7	178.68725088761232	35.232353196825585	6	1.0	0	42	1
340	8	233.30476351783528	38.43196194798822	6	1.0	0	42	1
341	9	139.00736184938734	52.123607424178275	9	129.0	2	42	1
342	1	261.1291672342518	2.5	1	1068.0	3	43	1
343	2	137.10694621578358	9.657805234771805	2	34.0	2	43	1
344	3	106.0907717203579	14.061200523375401	2	34.0	2	43	1
345	4	148.16723586298198	6.837644604835148	2	34.0	2	43	1
346	5	143.32610431502056	11.016959796582958	2	34.0	2	43	1
347	6	1348.4967226171154	7.496811010600928	2	34.0	2	43	1
348	7	170.8782451404366	41.61709429362584	7	12.0	1	43	1
349	8	329.76878649749636	31.892487977785215	5	2.0	0	43	1
350	9	145.40411835797892	35.891014284704234	6	56.0	2	43	1
351	10	157.2518297159833	48.56254396692576	7	12.0	1	43	1
352	11	225.26184998930893	45.640563415254384	7	12.0	1	43	1
353	12	295.3383094630298	56.95695825207427	9	23127.0	4	43	1
354	1	262.429137376825	1.0	1	5372.0	4	44	1
355	2	284.46691341995125	11.750303369379168	3	131.0	2	44	1
356	3	276.1886413359694	16.0593693525188	4	216.0	2	44	1
357	4	298.14629284173543	26.75429324444807	5	847.0	3	44	1
358	5	267.237913425132	38.5023269904726	7	36.0	2	44	1
359	6	96.32366454587721	40.90719334748036	7	36.0	2	44	1
360	7	168.41168515170563	45.2099361976904	9	3.0	0	44	1
361	8	239.4004098874731	48.89901432053814	9	3.0	0	44	1
362	9	166.54331860077144	61.73857284077879	11	5.0	1	44	1
363	1	246.71698169861207	1.5	1	69974.0	5	45	1
364	2	323.9623342366452	7.75043261117615	2	6.0	1	45	1
365	3	153.0038581323385	14.521475499309759	3	6.0	1	45	1
366	4	144.21581935216958	18.989554731238336	3	6.0	1	45	1
367	5	123.76714541380656	13.775768502488827	3	6.0	1	45	1
368	6	191.8664841864925	19.000012525716503	3	6.0	1	45	1
369	7	257.51738254177144	27.422809114058794	6	203.0	2	45	1
370	8	269.83412009879225	31.0052262484857	6	203.0	2	45	1
371	9	240.93029105096647	37.48532590293415	7	1.0	0	45	1
372	10	287.63722556687287	46.24631830718093	9	26155.0	4	45	1
373	1	229.88757671642307	2.0	1	2333.0	3	46	1
374	2	197.70719927106845	6.238589091531789	2	69974.0	5	46	1
375	3	166.51907509027114	12.045108075789681	4	134.0	2	46	1
376	4	121.76140705646462	7.13424933524497	2	69974.0	5	46	1
377	5	201.41439033505273	10.937759054905746	3	1207.0	3	46	1
378	6	266.10474325944824	17.9144799971964	5	21335.0	4	46	1
379	7	347.38540827316615	28.56310408308807	7	7.0	1	46	1
380	8	296.8159742524653	34.91309609780909	8	3727.0	4	46	1
381	9	164.66401954218398	39.21357984563743	9	1.0	0	46	1
382	10	164.5749836693098	49.13257971410667	10	76.0	2	46	1
383	11	221.70937279677503	44.843470261923166	10	76.0	2	46	1
384	1	300.0297539171833	1.5	1	69974.0	5	47	1
385	2	197.59074010502584	6.482699244554127	2	6.0	1	47	1
386	3	298.5624791518786	15.950601954992045	3	36.0	2	47	1
387	4	342.10265573316366	30.649748664841084	6	2.0	0	47	1
388	5	259.31967594153764	35.211497580473576	6	2.0	0	47	1
389	6	284.51767480821127	44.70345689074418	8	8761.0	4	47	1
390	7	237.89961869815397	50.11472595171316	9	13.0	1	47	1
391	1	264.2258114936892	2.0	1	2333.0	3	48	1
392	2	240.17261142060335	5.41337520255426	2	2.0	0	48	1
393	3	269.0313100593651	12.801294448642473	3	1.0	0	48	1
394	4	254.77598403866003	20.5325323233039	4	246.0	2	48	1
395	5	106.01158057561688	30.795531333992823	5	1.0	0	48	1
396	6	140.8711280877187	25.549832368174872	5	1.0	0	48	1
397	7	275.7045457836297	34.81919248433116	6	28850.0	4	48	1
398	8	206.60317662722315	39.95923770473869	7	10.0	1	48	1
399	9	244.4576614748738	37.694338700604305	7	10.0	1	48	1
400	10	101.64799710945728	48.04259333102479	9	41.0	2	48	1
401	11	178.37450670838294	51.48331182951981	9	41.0	2	48	1
402	12	141.78002317532588	56.470957701438664	10	69974.0	5	48	1
403	1	327.86665334151485	3.0	1	1.0	0	1	2
404	2	118.08995600113906	10.886378094680996	2	181.0	2	1	2
405	3	126.95094151136415	6.851117020166546	2	181.0	2	1	2
406	4	252.05087189353944	10.80655754645047	2	181.0	2	1	2
407	5	314.821395021808	19.390672645250607	4	3036.0	3	1	2
408	6	299.83758698708664	36.73988309918087	7	5372.0	4	1	2
409	7	343.6456077666244	43.685519818209656	9	409.0	3	1	2
410	1	303.4312449257502	1.5	1	69974.0	5	2	2
411	2	245.91368304448662	9.640775561699435	2	92.0	2	2	2
412	3	398.6964779988499	18.872135674958006	3	52.0	2	2	2
413	4	293.4814436364629	29.72199019531996	5	1635.0	3	2	2
414	5	133.97986765594624	36.28422925486132	6	382.0	3	2	2
415	6	261.20285917450224	41.27524240645935	6	382.0	3	2	2
416	1	343.23861837123843	2.0	1	108.0	2	3	2
417	2	233.86764204016796	5.7803715579437345	2	36414.0	5	3	2
418	3	339.0936530867903	16.152379354634554	4	213.0	2	3	2
419	4	119.75689084677123	25.647560388401217	5	226.0	2	3	2
420	5	135.30126245054205	20.34631781392027	5	226.0	2	3	2
421	6	213.91877532917886	30.83977616497142	7	3942.0	4	3	2
422	7	125.99254775511365	34.325422130395836	7	3942.0	4	3	2
423	8	123.61962171336734	30.62220372543707	7	3942.0	4	3	2
424	9	209.9900463573228	35.780887312388955	8	3727.0	4	3	2
425	10	137.66749718783885	44.79596330614816	10	1068.0	3	3	2
426	11	74.33844895035432	49.92855520605398	11	126.0	2	3	2
427	12	117.12799212443417	44.109817269480345	10	1068.0	3	3	2
428	1	266.64899237755264	2.0	1	83.0	2	4	2
429	2	193.34678520335473	8.401491475625118	2	413.0	3	4	2
430	3	211.25040065054907	13.205907336172494	3	1.0	0	4	2
431	4	180.13767158171026	19.247266110115525	4	10593.0	4	4	2
432	5	133.61432796462245	22.329944611936064	5	9547.0	4	4	2
433	6	208.9196253857319	27.388161747835856	6	2715.0	3	4	2
434	7	207.29780834939749	34.25583685370832	8	3036.0	3	4	2
435	1	226.07043713048682	2.0	1	143.0	2	5	2
436	2	395.97378071525344	9.072657051252655	2	22.0	1	5	2
437	3	288.6952403479893	21.886433975345625	4	69974.0	5	5	2
438	4	261.0979193813768	27.393928324383985	5	39.0	2	5	2
439	5	111.50380838151742	35.670444301402625	6	97.0	2	5	2
440	6	164.11779712248793	38.98660392244814	6	97.0	2	5	2
441	7	294.2937752569279	44.874621163677865	7	2214.0	3	5	2
442	8	243.61356984170712	49.060601377325554	8	10.0	1	5	2
443	1	227.97152658330046	1.5	1	69974.0	5	6	2
444	2	172.1823173396414	6.925967186779154	2	45.0	2	6	2
445	3	234.87511465823837	12.787161129345423	3	1207.0	3	6	2
446	4	182.18123137853743	17.196324609514395	4	401.0	3	6	2
447	5	253.81649294487704	22.236821170980896	5	69974.0	5	6	2
448	6	274.1717777729014	27.94352567553095	6	40.0	2	6	2
449	7	305.74523494280754	32.709775684625335	7	26155.0	4	6	2
450	8	383.9751658118431	39.71931030350817	8	11.0	1	6	2
451	9	222.89477868328635	57.67085159781054	11	1635.0	3	6	2
452	10	79.33958303615186	55.08085785453633	11	1635.0	3	6	2
453	1	219.02888015630174	1.5	1	69974.0	5	7	2
454	2	257.49094730667866	9.076607422385637	2	19.0	1	7	2
455	3	141.00550128440125	18.638836942441795	3	102.0	2	7	2
456	4	157.60902847096793	15.233187710578749	3	102.0	2	7	2
457	5	330.84068190679307	24.408607227698475	4	26155.0	4	7	2
458	6	353.2622271719583	33.29853568071933	6	4.0	1	7	2
459	1	260.55321658072245	0.5	1	23127.0	4	8	2
460	2	271.77703759362294	5.001511670976143	2	11.0	1	8	2
461	3	320.8591263063167	14.39176817512568	3	1.0	0	8	2
462	4	383.7619234211725	23.482312346337654	4	1.0	0	8	2
463	5	104.72747989741777	40.41845787193728	7	61.0	2	8	2
464	6	153.91646127844785	56.389935152067196	10	31.0	1	8	2
465	1	423.8286196488516	3.5	1	1.0	0	9	2
466	2	249.18357672842887	11.645786658302887	2	90.0	2	9	2
467	3	230.74908319387302	18.001958246130624	3	9816.0	4	9	2
468	4	241.42427239082318	23.77327963020251	4	1.0	0	9	2
469	5	167.65133974132232	35.656742525094025	6	6.0	1	9	2
470	6	206.14787315669608	40.50234444648845	6	6.0	1	9	2
471	7	132.47321505702075	52.70966404965246	9	1.0	0	9	2
472	1	269.7273646645623	1.5	1	69974.0	5	10	2
473	2	373.3199110492854	7.20588044349083	2	8.0	1	10	2
474	3	309.05300318042265	16.426270610606124	3	39.0	2	10	2
475	4	242.13985155229904	28.531370827370825	4	83.0	2	10	2
476	5	119.98392249002104	35.172179903936225	6	69974.0	5	10	2
477	6	246.73336780528916	43.20811594580814	7	72.0	2	10	2
478	7	302.4563943566932	51.607893116123165	9	141.0	2	10	2
479	8	201.84643673900428	56.18843351149938	10	1029.0	3	10	2
480	1	207.55069706912022	1.5	1	15.0	1	11	2
481	2	296.32731553379483	7.192501584678508	2	413.0	3	11	2
482	3	114.77109584389815	4.953888151770633	2	413.0	3	11	2
483	4	172.14493957606166	8.96887011130943	3	69974.0	5	11	2
484	5	182.40727888593685	17.688509664034775	4	80.0	2	11	2
485	6	87.92658072665577	14.249336027635842	4	80.0	2	11	2
486	7	116.19781993085827	21.420394946232726	5	10593.0	4	11	2
487	8	291.68964508192107	28.96131405525764	6	3036.0	3	11	2
488	9	271.22230428815743	27.18208978812578	6	3036.0	3	11	2
489	10	92.93308812943519	33.14166899765429	8	16.0	1	11	2
490	11	113.04147705451126	44.28455478888429	10	1.0	0	11	2
491	1	268.01969057350624	1.0	1	13.0	1	12	2
492	2	197.24297780663952	4.891163532144871	2	9816.0	4	12	2
493	3	167.21956617205194	10.897845441825677	3	15.0	1	12	2
494	4	199.90254306725504	21.224512814340137	5	54.0	2	12	2
495	5	306.50999378481436	30.581132862464276	6	267.0	2	12	2
496	6	217.81305745213623	37.2928158768485	7	59.0	2	12	2
497	7	288.6236596133618	45.06577965947201	8	680.0	3	12	2
498	8	358.3203163697886	56.64891728633419	11	21335.0	4	12	2
499	1	319.4295995805332	2.5	1	1.0	0	13	2
500	2	168.51284605424462	8.263021263319168	2	28850.0	4	13	2
501	3	119.61645666076231	14.126201824345493	4	161.0	2	13	2
502	4	175.4034629641682	20.053223608905757	4	161.0	2	13	2
503	5	219.85167887343115	25.575906475970946	5	508.0	3	13	2
504	6	301.79382854605035	32.50409735331165	7	16.0	1	13	2
505	7	253.1187964880884	39.93201586454856	8	9489.0	4	13	2
506	8	148.68422887377005	44.708794926201165	9	2670.0	3	13	2
507	1	263.99204641488234	2.0	1	83.0	2	14	2
508	2	208.78750705748297	5.17823377440155	2	438.0	3	14	2
509	3	298.25015165781207	9.854507708233994	3	834.0	3	14	2
510	4	335.0962619956613	19.298521343851874	5	22.0	1	14	2
511	5	169.4963349098626	24.0772306902973	6	21335.0	4	14	2
512	1	218.2037239345844	1.5	1	69974.0	5	15	2
513	2	128.57404418560367	8.2117866833625	2	7.0	1	15	2
514	3	281.2215357323847	14.024940189648515	3	10.0	1	15	2
515	4	222.15584449003364	17.767581912519006	4	3286.0	4	15	2
516	5	264.8720858995599	27.157626075451468	5	32.0	1	15	2
517	6	311.56939968712345	38.26408507674358	7	58.0	2	15	2
518	7	294.5818733148732	48.32707836161623	8	2.0	0	15	2
519	8	192.16944816464473	53.94954613165738	9	28850.0	4	15	2
520	1	314.6209733245965	1.5	1	69974.0	5	16	2
521	2	140.57388166515955	4.09844789549709	2	57.0	2	16	2
522	3	146.474192129599	10.246885053957175	3	1.0	0	16	2
523	4	166.28624284622592	13.18407476572278	3	1.0	0	16	2
524	5	256.02674903109187	18.060543361561958	4	1068.0	3	16	2
525	6	146.1108287973127	23.95002215108218	5	69974.0	5	16	2
526	7	294.0991638547107	30.20880425044227	6	66.0	2	16	2
527	8	254.71787552283791	41.603735501219234	8	2252.0	3	16	2
528	9	207.7888998811605	46.35760900832972	9	9816.0	4	16	2
529	10	207.0814129827803	53.51161690471847	10	71.0	2	16	2
530	1	288.27075753914244	1.5	1	69974.0	5	17	2
531	2	191.87685410960913	6.662619522542511	2	351.0	3	17	2
532	3	259.2145724001687	11.30505592071874	3	570.0	3	17	2
533	4	248.5547470581751	17.858019210447974	4	10593.0	4	17	2
534	5	235.83391001934442	23.20329427594352	5	37.0	2	17	2
535	6	270.55982511005175	29.989296206685143	6	78.0	2	17	2
536	7	225.6207287146916	34.47761222905538	7	28850.0	4	17	2
537	8	348.752305480686	41.46727906105843	8	1.0	0	17	2
538	1	272.80010287863075	1.5	1	845.0	3	18	2
539	2	214.35522680685804	7.637216138217186	2	72.0	2	18	2
540	3	198.1157143532335	12.776318864513794	3	398.0	3	18	2
541	4	177.40589510868628	18.062912208172524	4	6994.0	4	18	2
542	5	241.55344267621953	22.630461744690187	5	165.0	2	18	2
543	6	141.14438463010373	26.846471262314097	7	445.0	3	18	2
544	7	191.3106260820547	30.879361844831763	7	445.0	3	18	2
545	8	133.44577468617683	36.51685497681149	9	59.0	2	18	2
546	9	176.01224681934056	42.78761116390977	9	59.0	2	18	2
547	1	237.1699577543976	1.5	1	69974.0	5	19	2
548	2	117.97275309167632	5.984805160683889	2	5.0	1	19	2
549	3	133.08360135290627	9.849256202828908	2	5.0	1	19	2
550	4	172.81794329997172	14.48892207327442	3	216.0	2	19	2
551	5	315.9102067200047	20.970847136382872	4	30.0	1	19	2
552	6	277.86510166135537	28.397296014628786	5	585.0	3	19	2
553	7	107.95928173091102	46.14303808112361	8	18.0	1	19	2
554	1	259.32666592531626	1.5	1	69974.0	5	20	2
555	2	266.85188425610477	7.183710840726174	2	36.0	2	20	2
556	3	167.6126638747331	12.266891933805518	3	49.0	2	20	2
557	4	142.63354668557352	14.994286695317367	3	49.0	2	20	2
558	5	191.562009717457	22.122581453162024	5	223.0	2	20	2
559	6	122.1046491572231	27.869243560592416	5	223.0	2	20	2
560	7	109.4452457449577	24.738572681051373	5	223.0	2	20	2
561	8	606.4090779993129	27.263061658917415	5	223.0	2	20	2
562	9	266.85729651669703	40.38667228583225	7	1789.0	3	20	2
563	10	207.81328231589754	44.63300319204854	8	23127.0	4	20	2
564	11	219.68189954827255	50.398890010213364	9	244.0	2	20	2
565	1	320.41121116642717	2.0	1	87.0	2	21	2
566	2	168.50499387048376	6.298305679050906	2	9816.0	4	21	2
567	3	185.84199202454707	10.292509233246577	3	69974.0	5	21	2
568	4	198.6803771464178	15.826130073826292	4	1748.0	3	21	2
569	5	240.5986852436373	22.463101656473526	5	4.0	1	21	2
570	6	290.5007951082905	32.755386339120776	7	36.0	2	21	2
571	7	319.4613691262859	45.283438866534134	9	143.0	2	21	2
572	8	295.40505615856785	58.57867944826163	11	21335.0	4	21	2
573	1	293.69282993764165	1.5	1	69974.0	5	22	2
574	2	243.78701406657362	7.828543853640537	2	1.0	0	22	2
575	3	256.67037841222054	14.28483024290767	3	67.0	2	22	2
576	4	286.77072055504783	18.198119508280328	4	69974.0	5	22	2
577	5	188.26267796968762	27.13863079063878	5	119.0	2	22	2
578	6	93.20644967860946	31.903675732247436	6	28850.0	4	22	2
579	7	171.71475097791463	40.250708842744984	8	6.0	1	22	2
580	8	187.90088676099143	35.48114636684259	7	49.0	2	22	2
581	9	164.4759468504206	38.12839793003572	7	49.0	2	22	2
582	10	214.76345260929762	34.2906379116305	7	49.0	2	22	2
583	11	200.64164554674747	47.87504102767791	8	6.0	1	22	2
584	1	280.187889238275	2.5	1	11.0	1	23	2
585	2	140.83158529925475	6.802562914292723	2	9816.0	4	23	2
586	3	297.7810981568456	9.806279144059449	3	145.0	2	23	2
587	4	297.1760032151247	20.82543719230155	5	69974.0	5	23	2
588	5	318.5028616025373	27.855990836995836	6	1.0	0	23	2
589	6	83.88987873111385	45.44662768409558	8	883.0	3	23	2
590	7	240.70809766935335	51.04171136815304	10	1.0	0	23	2
591	8	157.0440577982483	48.32831120831233	9	9547.0	4	23	2
592	9	183.65786226727408	57.6537115758323	10	1.0	0	23	2
593	1	232.34641683733682	2.0	1	1159.0	3	24	2
594	2	327.23542903774467	5.778779379959384	2	239.0	2	24	2
595	3	311.457331991356	13.427566920476021	3	25.0	1	24	2
596	4	158.92229083390754	23.297711448323973	4	86.0	2	24	2
597	5	128.22016382934513	26.532390414330493	4	86.0	2	24	2
598	6	224.87990633119367	32.28377474544675	6	343.0	3	24	2
599	7	324.7761162619837	39.40894809709222	7	3297.0	4	24	2
600	8	271.74638439734247	46.20545836705493	8	145.0	2	24	2
601	9	123.73159315903266	56.938276950803115	10	24.0	1	24	2
602	1	266.8018845226717	1.5	1	69974.0	5	25	2
603	2	311.1361629507323	10.286871553843717	2	1.0	0	25	2
604	3	256.5177132300793	15.544989612783048	3	9816.0	4	25	2
605	4	177.76652441301252	22.058149258912202	4	24.0	1	25	2
606	5	316.2267098237263	28.705409894277388	5	2333.0	3	25	2
607	6	167.61052970195328	34.47833786082118	6	6994.0	4	25	2
608	7	139.30665752157262	38.00361608680805	7	1.0	0	25	2
609	8	143.9595401751533	42.57272630588748	7	1.0	0	25	2
610	1	217.42827117153405	1.0	1	8761.0	4	26	2
611	2	185.73035918871474	5.325478775987139	3	4868.0	4	26	2
612	3	206.21269009810112	7.15975511209637	3	4868.0	4	26	2
613	4	222.2135548245235	14.847258236660625	4	63.0	2	26	2
614	5	236.6538704239918	19.883201609649568	5	26155.0	4	26	2
615	6	191.9349194940355	22.161038864672115	6	772.0	3	26	2
616	7	307.34890538838573	32.591322376467375	8	2.0	0	26	2
617	8	191.2409241909603	37.809435145142515	9	55.0	2	26	2
618	9	242.77165092109988	43.82684748444494	10	23127.0	4	26	2
619	10	366.379671500408	51.57373007855827	12	21335.0	4	26	2
620	1	292.9250231103659	2.0	1	1.0	0	27	2
621	2	205.9118722770519	7.88445381113512	2	426.0	3	27	2
622	3	119.99550818834477	12.17709692361055	3	6995.0	4	27	2
623	4	155.8127518807624	18.957846924616067	5	1.0	0	27	2
624	5	373.0117690548513	24.921353572522335	5	1.0	0	27	2
625	6	265.3221362454426	50.29164237656411	10	58.0	2	27	2
626	1	313.39740888630445	1.0	1	14.0	1	28	2
627	2	226.55195032769183	8.83469265346419	2	34.0	2	28	2
628	3	135.0635710906224	18.700334725560026	3	1015.0	3	28	2
629	4	114.9217582486117	12.391364260849041	3	1015.0	3	28	2
630	5	104.05171943733089	22.631937156492114	4	123.0	2	28	2
631	6	146.13214295104294	27.297493129416395	5	26155.0	4	28	2
632	7	215.7014842231579	31.562543980642133	6	58.0	2	28	2
633	8	129.8105359740578	35.58952967246513	6	58.0	2	28	2
634	9	359.34476808329583	42.61090236294213	7	25.0	1	28	2
635	10	65.38505553726588	45.74016790695524	8	23127.0	4	28	2
636	1	313.069450726935	1.5	1	69974.0	5	29	2
637	2	268.99809335538254	6.9820483721935895	2	1.0	0	29	2
638	3	313.9506376847395	11.44615353174954	3	5.0	1	29	2
639	4	179.6194176629311	33.162610782709976	7	9547.0	4	29	2
640	5	115.07606204056589	29.974540023342797	6	7251.0	4	29	2
641	6	303.28541547890825	40.57662650254404	8	97.0	2	29	2
642	1	309.55207455552073	2.0	1	87.0	2	30	2
643	2	257.81676838985743	4.65083252510173	2	9816.0	4	30	2
644	3	309.3282316232748	12.39675051467082	3	3.0	0	30	2
645	4	213.70870030726772	19.654267963476972	4	26155.0	4	30	2
646	5	287.4180408886329	25.027536094156705	5	76.0	2	30	2
647	6	262.2396763825941	30.629191367052726	7	1.0	0	30	2
648	7	234.24383955206187	34.986774510203304	7	1.0	0	30	2
649	8	346.60908677529864	43.843208313896454	9	3036.0	3	30	2
650	9	110.03965486764743	51.04520164624177	10	1.0	0	30	2
651	1	336.45570418350616	3.5	1	104.0	2	31	2
652	2	211.06376852064486	9.208913859106467	2	7289.0	4	31	2
653	3	289.88370957773935	17.068015067500493	3	2.0	0	31	2
654	4	318.7824932451536	26.244099825070506	5	10.0	1	31	2
655	5	190.74230763934614	30.598279142806348	6	9816.0	4	31	2
656	6	258.9601767981788	38.00550605588191	7	75.0	2	31	2
657	7	142.36742584111605	52.53849225319678	10	1.0	0	31	2
658	8	261.23235589229466	57.24064714407195	11	1.0	0	31	2
659	1	292.91739321938934	4.5	1	1.0	0	32	2
660	2	173.84433460546754	12.729719758266947	2	4371.0	4	32	2
661	3	127.40898503265412	10.008048281041358	2	4371.0	4	32	2
662	4	263.444706083764	13.794188689696329	2	4371.0	4	32	2
663	5	214.03557946744596	25.11179273005375	4	26.0	1	32	2
664	6	257.75255269467874	30.28120936545861	5	69974.0	5	32	2
665	7	72.60408795344999	47.82732145789666	8	69974.0	5	32	2
666	8	493.7175574372057	59.11393406901474	9	1.0	0	32	2
667	1	283.7132615943893	3.0	1	52.0	2	33	2
668	2	95.37185169334965	8.300009104903161	2	119.0	2	33	2
669	3	96.57403927929442	12.89338626477462	2	119.0	2	33	2
670	4	149.32829245723525	19.340101071521982	4	1.0	0	33	2
671	5	150.71844656417892	16.471258207689747	3	8.0	1	33	2
672	6	313.97963718229886	22.23221914312214	4	1.0	0	33	2
673	7	161.03904136597333	32.303749448678765	6	1.0	0	33	2
674	8	251.90524656989996	37.53320533070536	6	1.0	0	33	2
675	1	343.739433102871	1.5	1	69974.0	5	34	2
676	2	148.0161225778906	6.101665599818101	2	31.0	1	34	2
677	3	152.51920763621968	13.132760118444427	3	8.0	1	34	2
678	4	109.13273943116769	17.487962991709622	3	8.0	1	34	2
679	5	437.7509201869258	25.68363883205187	5	1.0	0	34	2
680	6	184.73762959230103	33.66545135303506	7	9547.0	4	34	2
681	7	266.84649048182234	36.58944842683231	8	20.0	1	34	2
682	1	248.53084458170454	1.5	1	69974.0	5	35	2
683	2	196.21076706543397	7.372486198914125	2	831.0	3	35	2
684	3	275.9426337436965	14.235393709088843	3	220.0	2	35	2
685	4	236.9072471875051	17.678372536361422	4	5134.0	4	35	2
686	5	220.99038108254473	25.376139226120678	5	1.0	0	35	2
687	6	319.6977513313037	30.07940533087935	7	3036.0	3	35	2
688	7	125.99240980391738	40.35281484024584	9	28850.0	4	35	2
689	8	124.08333263555477	45.22030055141521	11	1.0	0	35	2
690	9	174.04981688410865	41.69367587734988	9	28850.0	4	35	2
691	1	247.1062139596073	1.5	1	69974.0	5	36	2
692	2	162.2506516925572	7.429488668096029	2	61.0	2	36	2
693	3	166.70491829144365	3.3241655827558354	2	61.0	2	36	2
694	4	149.95230349135517	12.583306278128841	3	9816.0	4	36	2
695	5	165.51265874875853	19.317541449704933	4	104.0	2	36	2
696	6	116.40351391054568	26.342478936911604	6	3.0	0	36	2
697	7	343.520237671838	21.799982360336585	5	7289.0	4	36	2
698	8	349.4549776350947	37.11223336760919	7	93.0	2	36	2
699	9	272.74580302918315	43.18021893002489	8	15.0	1	36	2
700	10	161.87443525196755	54.997520984930816	10	1.0	0	36	2
701	1	277.1004225001004	1.5	1	69974.0	5	37	2
702	2	193.72234651628392	7.562427889932717	2	213.0	2	37	2
703	3	151.0441494462506	13.575996173336339	4	23127.0	4	37	2
704	4	273.6357261371425	20.4126197541191	5	9.0	1	37	2
705	5	357.2351534493091	28.220703340220446	6	1814.0	3	37	2
706	6	207.85038447344803	34.95798731947417	7	681.0	3	37	2
707	7	230.86250938796195	42.07062341977555	8	1.0	0	37	2
708	8	221.00486993988494	45.97833210300489	9	5305.0	4	37	2
709	9	253.04205577328707	49.48126777597889	10	1.0	0	37	2
710	10	158.27382503072025	59.36546448463105	12	1.0	0	37	2
711	1	300.84149714121577	2.0	1	1.0	0	38	2
712	2	232.90100393163345	6.604502134831513	2	4.0	1	38	2
713	3	181.10269518862034	13.87739563999175	3	1789.0	3	38	2
714	4	229.0617389276317	20.699374710772286	5	445.0	3	38	2
715	5	313.46616639413213	32.62676762383665	7	10.0	1	38	2
716	6	245.44544178368793	40.63860916108885	9	1.0	0	38	2
717	7	276.88667603876456	45.11526194849503	9	1.0	0	38	2
718	8	172.63869910832878	56.164808383851565	11	69974.0	5	38	2
719	1	292.0827284067313	1.5	1	69974.0	5	39	2
720	2	196.94195204937077	6.650834914336777	2	831.0	3	39	2
721	3	265.1446405801614	13.128827389247622	3	220.0	2	39	2
722	4	246.57645502724898	17.745844574062502	4	78.0	2	39	2
723	5	257.85232752997723	25.468109593575356	5	3001.0	3	39	2
724	6	171.4267218324496	29.91578722748631	7	69974.0	5	39	2
725	7	211.4135144744705	38.883456989694466	8	1.0	0	39	2
726	8	254.9172748657381	44.112136356584884	9	2096.0	3	39	2
727	1	284.18642396416243	1.5	1	69974.0	5	40	2
728	2	178.3635494405184	8.320281066740696	2	9.0	1	40	2
729	3	282.9262820274586	15.223839200705918	3	67.0	2	40	2
730	4	266.3466493070844	20.591876908665956	4	6994.0	4	40	2
731	5	190.88467912530749	24.128245686812342	5	1.0	0	40	2
732	6	326.11032440644453	30.466755271851323	6	28850.0	4	40	2
733	7	134.47354600783265	37.065708288589484	7	1601.0	3	40	2
734	8	112.26841823998919	44.419729693899725	9	22.0	1	40	2
735	9	220.90657536122671	49.73658881877444	9	22.0	1	40	2
736	10	177.04562318676943	62.971867957328726	12	103.0	2	40	2
737	1	286.8414665652133	1.5	1	69974.0	5	41	2
738	2	178.91031583008444	7.369839003014278	2	123.0	2	41	2
739	3	212.05992755516687	11.762774805611443	3	288.0	2	41	2
740	4	254.88251233217258	19.964122165185657	4	1.0	0	41	2
741	5	149.0842094321937	25.886709351442015	5	68.0	2	41	2
742	6	148.00907664398144	33.28570908354711	7	1.0	0	41	2
743	7	131.69232857430046	29.174743445351606	6	23127.0	4	41	2
744	8	306.01867971481056	32.2384915150322	7	1.0	0	41	2
745	9	178.72851567759136	48.75107872288737	10	23127.0	4	41	2
746	1	277.8781854854151	1.5	1	69974.0	5	42	2
747	2	185.98684466562412	9.23812461796691	2	8.0	1	42	2
748	3	113.6957777552446	13.842289487352613	3	1.0	0	42	2
749	4	170.0328680481597	18.63099244136363	3	1.0	0	42	2
750	5	266.0464107964774	24.828216375741583	4	37.0	2	42	2
751	6	369.77311061255693	39.98825747594742	6	1.0	0	42	2
752	1	237.4394884144557	2.5	1	1068.0	3	43	2
753	2	270.7377946927174	11.503444218102134	2	34.0	2	43	2
754	3	183.79885581318484	19.612117718161045	3	265.0	2	43	2
755	4	262.69046112651074	24.18561722842828	4	69974.0	5	43	2
756	5	294.3720662527503	29.71397828306798	5	2.0	0	43	2
757	6	260.15662037160314	37.234762848637345	6	56.0	2	43	2
758	7	334.4200340357951	44.06583147470619	7	12.0	1	43	2
759	8	309.8006492553435	55.8705378734997	9	23127.0	4	43	2
760	1	297.9827939288517	1.0	1	5372.0	4	44	2
761	2	323.09955763363274	10.29927027536208	3	131.0	2	44	2
762	3	150.67454202932603	18.835073113788205	4	216.0	2	44	2
763	4	467.6194410552035	24.817062666965683	5	847.0	3	44	2
764	5	161.8222451570903	32.47563653097712	6	3286.0	4	44	2
765	6	197.3164306826269	38.84494223272786	7	36.0	2	44	2
766	7	359.7630241079593	47.64659556990821	9	3.0	0	44	2
767	1	366.2222581059486	1.5	1	69974.0	5	45	2
768	2	212.21730829767105	8.210238255575367	2	6.0	1	45	2
769	3	364.43099715373137	16.611055905303413	3	6.0	1	45	2
770	4	203.64615756029204	22.084618612746517	4	65.0	2	45	2
771	5	257.66118506714895	26.321829155034564	5	23127.0	4	45	2
772	6	139.32145932385546	29.69064410870167	6	203.0	2	45	2
773	7	249.46308640352558	37.91978499414606	7	1.0	0	45	2
774	8	282.5837213152141	44.66610164518757	8	67.0	2	45	2
775	1	274.78346480865565	2.0	1	2333.0	3	46	2
776	2	253.57608593613986	6.664956320767088	2	69974.0	5	46	2
777	3	214.53612697270714	9.440920647052131	3	1207.0	3	46	2
778	4	319.60599810471564	15.936487858483837	4	134.0	2	46	2
779	5	91.16278520700408	18.297566263128058	5	21335.0	4	46	2
780	6	397.4409508934796	27.5922118884598	7	7.0	1	46	2
781	7	285.16853642530526	35.35144158631062	8	3727.0	4	46	2
782	8	290.0425974227848	40.680042060173335	9	1.0	0	46	2
783	9	285.5614637907808	45.84400538697016	10	76.0	2	46	2
784	1	319.73694869088376	1.5	1	69974.0	5	47	2
785	2	233.35286508333843	8.042271413109528	2	6.0	1	47	2
786	3	166.78571888093992	13.2557882879565	3	36.0	2	47	2
787	4	183.24250999809666	17.10012965278085	3	36.0	2	47	2
788	5	130.52639221318748	12.710693087785039	3	36.0	2	47	2
789	6	2877.0828704373835	16.905762134193516	3	36.0	2	47	2
790	7	179.99370245981095	39.65779725527563	7	28850.0	4	47	2
791	8	204.21040311877607	32.89653144876676	6	2.0	0	47	2
792	9	283.08448927470386	40.46481011413952	7	28850.0	4	47	2
793	10	291.37806564178067	43.985552468251804	8	8761.0	4	47	2
794	11	229.99007677542113	51.21860837876341	9	13.0	1	47	2
795	1	286.91183717651404	2.0	1	2333.0	3	48	2
796	2	284.7750316226418	8.058065605490906	2	2.0	0	48	2
797	3	229.04460978745894	13.248888917101745	3	1.0	0	48	2
798	4	287.65468787932605	20.660950948358238	4	246.0	2	48	2
799	5	277.0615815197703	26.390015488402828	5	1.0	0	48	2
800	6	317.4671940202255	38.619797488483215	7	10.0	1	48	2
801	7	298.5903382579282	48.408691736530024	9	41.0	2	48	2
